res_num	entropy
1	0.0
2	0.0
3	0.0
4	0.0
5	0.0
6	0.13119781097
7	0.13119781097
8	0.308734786305
9	0.779711445401
10	0.0
11	0.206519441773
12	0.13119781097
13	0.350788249985
14	0.0
15	0.486330622206
16	0.0
17	0.13119781097
18	0.13119781097
19	0.13119781097
20	0.0
21	0.13119781097
22	0.13119781097
23	0.484232971152
24	0.13119781097
25	0.13119781097
26	0.0
27	0.608950352096
28	0.13119781097
29	0.13119781097
30	0.178844912717
31	0.0
32	0.13119781097
33	0.0757510850034
34	0.206519441773
35	0.0
36	0.0
37	0.0
38	0.13119781097
39	0.696248814588
40	0.206519441773
41	0.0
42	0.13119781097
43	0.0
44	0.328255737696
45	0.723122778328
46	0.13119781097
47	0.13119781097
48	0.221347809123
49	0.13119781097
50	0.0
51	0.13119781097
52	0.456304488107
53	0.0
54	0.13119781097
55	0.13119781097
56	0.0757510850034
57	0.13119781097
58	0.13119781097
59	0.13119781097
60	0.0
61	0.13119781097
62	0.0
63	0.0
64	0.13119781097
65	0.0757510850034
66	0.0
67	0.0
68	0.13119781097
69	0.0
70	0.0
71	0.0
72	0.13119781097
73	0.221347809123
74	0.0
75	0.0
76	0.0
77	0.0757510850034
78	0.13119781097
79	0.0
80	0.0
81	0.0
82	0.0
83	0.462036909466
84	0.0
85	0.13119781097
86	0.0
87	0.0
88	0.13119781097
89	0.0
90	0.0
91	0.483903079551
92	0.0
93	0.0
94	0.0
95	0.0
96	0.0
97	0.13119781097
98	0.0
99	0.0757510850034
100	0.0
101	0.0
102	0.765017559871
103	0.261530254373
104	0.13119781097
105	0.13119781097
106	0.0
107	0.13119781097
108	0.0
109	0.0
110	0.13119781097
111	0.523586337481
112	0.0
113	0.873719194951
114	0.13119781097
115	0.0
116	0.13119781097
117	0.13119781097
118	0.820171359393
119	0.261530254373
120	0.0
121	0.13119781097
122	0.13119781097
123	0.0
124	0.13119781097
125	0.0757510850034
126	0.784017491758
127	0.730903769114
128	0.0
129	0.0
130	0.13119781097
131	0.0
132	0.0
133	0.0
134	0.13119781097
135	0.0
136	0.0
137	0.0
138	0.0
139	0.13119781097
140	0.0
141	0.0
142	0.13119781097
143	0.221347809123
144	0.13119781097
145	0.13119781097
146	0.13119781097
147	0.0
148	0.51429476302
149	0.206519441773
150	0.0
151	0.13119781097
152	0.791107593799
153	0.13119781097
154	0.0
155	0.13119781097
156	0.178844912717
157	0.0
158	0.0
159	0.0
160	0.0
161	0.0
162	0.0
163	0.13119781097
164	0.13119781097
165	0.261530254373
166	0.261530254373
167	0.261530254373
168	0.13119781097
169	0.0
170	0.0
171	0.0
172	0.0
173	0.0
174	0.0
175	0.0
176	0.0
177	0.0
178	0.0
179	0.0
180	0.0
181	0.612917470941
182	0.0757510850034
183	0.13119781097
184	0.0
185	0.336409315362
186	0.0
187	0.295439191872
188	0.0
189	0.13119781097
190	0.308734786305
191	0.0757510850034
192	0.0
193	0.0
194	0.0
195	0.0
196	0.0
197	0.13119781097
198	0.388949753929
199	0.0
200	0.0
201	0.350788249985
202	0.438707336301
203	0.0
204	0.0
205	0.0
206	0.0
207	0.0
208	0.350788249985
209	0.13119781097
210	0.0
211	0.151289033594
212	0.13119781097
213	0.13119781097
214	0.13119781097
215	0.0
216	0.0
217	0.0
218	0.0
219	0.0
220	0.0
221	0.0
222	0.13119781097
223	0.13119781097
224	0.0
225	0.0
226	0.206519441773
227	0.0
228	0.13119781097
229	0.0
230	0.0
231	0.13119781097
232	0.13119781097
233	0.0
234	0.206519441773
235	0.0
236	0.0
237	0.0
238	0.0
239	0.0
240	0.0
241	0.0
242	0.13119781097
243	0.0
244	0.206519441773
245	0.0757510850034
246	0.0
247	0.0
248	0.13119781097
249	0.0757510850034
250	0.13119781097
251	0.221347809123
252	0.13119781097
253	0.0
254	0.0
255	0.206519441773
256	0.13119781097
257	0.13119781097
258	0.13119781097
259	0.336409315362
260	0.0
261	0.350788249985
262	0.261530254373
263	0.13119781097
264	0.13119781097
265	0.456304488107
266	0.13119781097
267	0.13119781097
268	0.523586337481
269	0.0
270	0.13119781097
271	0.0
272	0.0
273	0.486330622206
274	0.336409315362
275	0.13119781097
276	0.0
277	0.13119781097
278	0.914469505635
279	0.13119781097
280	0.612917470941
281	0.206519441773
282	0.261530254373
283	0.13119781097
284	0.281621476998
285	0.13119781097
286	0.13119781097
287	0.206519441773
288	0.261530254373
289	0.13119781097
290	0.0
291	0.13119781097
292	0.13119781097
293	0.0
294	0.13119781097
295	0.0757510850034
296	0.151289033594
297	0.0757510850034
298	0.13119781097
299	0.0
300	0.13119781097
301	0.151289033594
302	0.0757510850034
303	0.0
304	0.0757510850034
305	0.0
306	0.0
307	0.0
308	0.0
309	0.0
310	1.06395857629
311	0.0
312	0.0
313	0.0
314	0.602021865778
315	0.0
316	0.0
317	0.0757510850034
318	0.13119781097
319	0.0
320	0.0
321	0.0
322	0.151289033594
323	0.178844912717
324	0.0
325	0.486330622206
326	0.0
327	0.0
328	0.0
329	0.206519441773
330	0.438707336301
331	0.0
332	0.0
333	0.0
334	0.0
335	0.0
336	0.0
337	0.0
338	0.0
339	0.0757510850034
340	0.206519441773
341	0.0
342	0.13119781097
343	0.0
344	0.13119781097
345	0.0
346	0.0
347	0.0
348	0.13119781097
349	0.0
350	0.0
351	0.0
352	0.13119781097
353	0.206519441773
354	0.0
355	0.0
356	0.387212375186
357	0.259965824928
358	0.0
359	0.0
360	0.0
361	0.13119781097
362	0.0757510850034
363	0.13119781097
364	0.0
365	0.0
366	0.0
367	0.0
368	0.0
369	0.13119781097
370	0.206519441773
371	0.0
372	0.13119781097
373	0.259965824928
374	0.0
375	0.0
376	0.0
377	0.0
378	0.0
379	0.0
380	0.0
381	0.13119781097
382	0.0
383	0.0
384	0.0
385	0.13119781097
386	0.0
387	0.0
388	0.13119781097
389	0.0
390	0.0
391	0.13119781097
392	0.0
393	0.13119781097
394	0.13119781097
395	0.0
396	0.0
397	0.13119781097
398	0.178844912717
399	0.0
400	0.0
401	0.13119781097
402	0.350788249985
403	0.0
404	0.0
405	0.0
406	0.0
407	0.0
408	0.438707336301
409	0.0
410	0.0
411	0.0
412	0.0
413	0.0
414	0.0
415	0.13119781097
416	0.13119781097
417	0.0757510850034
418	0.0
419	0.13119781097
420	0.206519441773
421	0.0
422	0.64755982715
423	0.13119781097
424	0.0
425	0.336409315362
426	0.13119781097
427	0.0
428	0.0
429	0.0
430	0.0757510850034
431	0.58760651407
432	0.13119781097
433	0.0
434	0.13119781097
435	0.206519441773
436	0.0
437	0.0
438	0.0
439	0.178844912717
440	0.0
441	0.0757510850034
442	0.206519441773
443	0.0
444	0.13119781097
445	0.37087947261
446	0.0
447	0.308734786305
448	0.206519441773
449	0.0757510850034
450	0.0
451	0.0
452	0.0
453	0.0
454	0.0
455	0.0
456	0.0
457	0.0
458	0.0
459	0.0
460	0.0
461	0.0
462	0.0757510850034
463	0.0
464	0.0
465	0.0
466	0.13119781097
467	0.0
468	0.0
469	0.0
470	0.0
471	0.0
472	0.0
473	0.0
474	0.13119781097
475	0.13119781097
476	0.0
477	0.0
478	0.0
479	0.0
480	0.0
481	0.13119781097
482	0.206519441773
483	0.0
484	0.0
485	0.0
