res_num	entropy
1	0.624597706905
2	0.00371170714728
3	0.210717159077
4	0.00742323497645
5	0.00371170714728
6	0.00371170714728
7	0.687779145889
8	0.0
9	0.0
10	0.0
11	0.216284571801
12	0.872496449144
13	0.926151369993
14	1.07777073223
15	0.678542156631
16	0.0
17	0.89882436787
18	0.0
19	0.87502481313
20	0.61618395431
21	0.0
22	1.08490144927
23	0.0
24	0.00742323497645
25	0.0
26	0.968620915963
27	0.0
28	0.92993010887
29	0.00371170714728
30	0.709011243014
31	0.614898421462
32	0.00742323497645
33	1.09822067909
34	0.590797292437
35	0.0
36	0.621044641886
37	0.0
38	0.623928731569
39	0.00371170714728
40	0.20946384721
41	1.22491709589
42	0.878985912727
43	0.323777138812
44	0.611841011475
45	0.621044641886
46	0.0
47	0.00742323497645
48	0.00371170714728
49	0.00742323497645
50	0.00371170714728
51	0.0
52	0.0
53	0.0
54	0.0
55	0.0
56	0.207028476852
57	0.0
58	0.207028476852
59	0.773185960792
60	0.693359289743
61	1.43652302536
62	0.217220248515
63	0.210717159077
64	0.0
65	0.623592990561
66	0.00371170714728
67	0.0
68	0.53240352752
69	0.0
70	0.00371170714728
71	0.721125040565
72	0.00973922487386
73	0.228644978538
74	0.216284571801
75	0.0
76	0.207028476852
77	0.0273605379336
78	0.00371170714728
79	0.0
80	0.00371170714728
81	0.0
82	0.0
83	0.0
84	0.629133308912
85	0.373253979527
86	1.33046999278
87	0.75328697025
88	1.25348665374
89	0.00371170714728
90	1.22957582716
91	1.14582147541
92	0.207028476852
93	0.00371170714728
94	0.20824793676
95	0.0134503938388
96	0.0
97	0.00371170714728
98	0.659963678302
99	0.00371170714728
100	0.802277399606
101	0.00371170714728
102	0.0
103	0.012498090461
104	0.00371170714728
105	0.0
106	0.00371170714728
107	0.624342160374
108	0.814320742103
109	0.540135624536
110	0.0
111	0.0
112	1.31619096979
113	0.0
114	0.0
115	0.992950292054
116	0.0
117	0.60169947015
118	0.0
119	1.44636046045
120	0.753171193379
121	0.0
122	0.635738505648
123	0.676327217048
124	0.0
125	0.00371170714728
126	0.660660630067
127	0.812151386974
128	0.0
129	0.0
130	0.0
131	0.620814764025
132	0.0
133	0.0
134	0.00371170714728
135	0.00371170714728
136	0.00371170714728
137	0.0
138	0.00683631949757
139	0.0
140	0.668890519018
141	0.624597706905
142	0.444607093239
143	0.659729815145
144	0.0194768345162
145	0.00683631949757
146	0.678153406649
147	0.221900242761
148	0.0
149	0.0
150	0.0
151	0.0
152	0.00371170714728
153	0.0
154	0.00371170714728
155	0.00683631949757
156	0.0
157	1.08506498471
158	0.549473209309
159	0.0
160	1.21310010299
161	0.0
162	0.00742323497645
163	0.0
164	0.572819579003
165	0.00371170714728
166	0.207028476852
167	0.00371170714728
168	0.693152257997
169	1.1054300061
170	0.877686202877
171	0.767810554177
172	1.26659426951
173	0.545824323249
174	0.657710477977
175	0.631035122303
176	0.904545557679
177	0.210717159077
178	0.0426831231276
179	0.726550695334
180	0.207028476852
181	0.628238631829
182	0.663248959882
183	1.07549393031
184	0.0
185	0.627566857339
186	0.00371170714728
187	0.571224532094
188	0.690890011243
189	0.00371170714728
190	0.0
191	0.0230436042947
192	0.0
193	0.00371170714728
194	0.00371170714728
195	0.0
196	0.0
197	0.0
198	0.656444533565
199	0.0
200	0.00742323497645
201	0.00742323497645
202	0.660196768255
203	0.538630968599
204	0.210717159077
205	0.00371170714728
206	0.0
207	0.217507039935
208	0.0468454981797
209	0.0528256133886
210	0.00371170714728
211	0.00742323497645
212	0.00371170714728
213	0.226223150971
214	0.0613175983719
215	0.00683631949757
216	1.09575251283
217	0.0318598368611
218	0.0
219	0.00742323497645
220	0.0
221	0.0926515161087
222	0.0
223	0.0
224	0.0
225	0.00371170714728
226	0.0
227	0.0
228	0.0
229	0.00371170714728
230	0.67648347374
231	0.0
232	0.00371170714728
233	0.676638988887
234	0.0
235	0.00371170714728
236	0.00371170714728
237	0.660196768255
238	0.0
239	0.702791779562
240	0.0
241	0.00683631949757
242	0.0
243	0.0
244	0.0
245	0.0
246	0.654517440991
247	0.00371170714728
248	1.05766204212
249	0.555386916793
250	0.776641272959
251	0.0173829108375
252	0.00683631949757
253	0.0
254	0.0
255	0.623033126367
256	0.0
257	0.0
258	0.00683631949757
259	0.00371170714728
260	0.0
261	0.0
262	0.00371170714728
263	0.0
264	0.0105476679327
265	0.0105476679327
266	0.0
267	0.0
268	0.210717159077
269	0.00742323497645
270	0.00683631949757
271	0.0
272	0.0
273	0.20946384721
274	0.384713945238
275	0.0
276	0.00371170714728
277	0.00683631949757
278	0.0
279	0.0
280	0.0
281	0.676638988887
282	0.0878370158252
283	0.241039298915
284	0.00742323497645
285	0.0
286	0.0
287	0.0
288	0.0
289	0.00371170714728
290	0.00742323497645
291	0.0
292	0.00371170714728
293	0.7022320141
294	0.00742323497645
295	0.20824793676
296	0.00371170714728
297	0.00742323497645
298	0.00371170714728
299	0.0
300	0.0
301	0.0
302	0.0
303	0.0
304	0.00371170714728
305	0.0
306	0.656444533565
307	0.0
308	0.0
309	0.0
310	0.0250267512571
311	0.00742323497645
312	0.621044641886
313	0.0
314	0.00371170714728
315	0.0
316	0.00371170714728
317	0.0
318	0.00371170714728
319	0.0
320	0.00371170714728
321	0.0
322	0.700157448266
323	1.30587840771
324	0.690431352998
325	0.665946834835
326	0.0
327	0.0
328	0.00371170714728
329	0.0
330	0.00371170714728
331	0.211936429642
332	0.718076547253
333	0.0
334	1.03095968251
335	0.0
336	0.221195153877
337	0.0
338	0.0771195822118
339	0.656444533565
340	0.0
341	0.0
342	0.00371170714728
343	0.0
344	0.0
345	0.0
346	0.0363053856309
347	0.227160229492
348	0.0
349	1.22216478442
350	0.485128392022
351	0.0
352	0.618456154621
353	0.00371170714728
354	0.0532216108016
355	0.20824793676
356	1.38054166146
357	0.0
358	0.0162090798797
359	0.00742323497645
360	0.00371170714728
361	0.0
362	0.0
363	0.00371170714728
364	0.0
365	0.00371170714728
366	0.00742323497645
367	0.0405844581923
368	0.735276247588
369	0.0
370	0.00742323497645
371	0.0111345834115
372	0.00371170714728
373	0.00742323497645
374	0.624597706905
375	0.00371170714728
376	0.0
377	0.0142588368976
378	0.00371170714728
379	0.20824793676
380	0.00742323497645
381	0.00742323497645
382	0.689367432093
383	0.0
384	0.0447566890199
385	0.0
386	0.0
387	0.0
388	0.0
389	0.00973922487386
390	0.0
391	0.00742323497645
392	0.0193329741971
393	0.621664688256
394	0.0
395	0.0
396	0.940273304584
397	0.00371170714728
398	0.00371170714728
399	0.654789259684
400	1.32026455586
401	0.219972875255
402	0.00371170714728
403	0.0
404	0.0
405	0.676638988887
406	0.00371170714728
407	0.0105476679327
408	0.0
409	0.0
410	0.0
411	0.0
412	0.0
413	0.00742323497645
414	0.0
415	0.0
416	0.00371170714728
417	0.0
418	0.00371170714728
419	0.696554581184
420	0.0105476679327
421	0.82048514489
422	0.0
423	0.0
424	0.00371170714728
425	0.00371170714728
426	0.00371170714728
427	0.0
428	0.0
429	0.0
430	0.62426363681
431	0.00371170714728
432	0.0
433	0.00742323497645
434	0.0
435	0.0318267537168
436	0.689418103958
437	0.0294050481549
438	0.00683631949757
439	0.636459694893
440	0.00371170714728
441	0.00371170714728
442	0.0
443	0.0426831231276
444	0.0
445	0.0
446	0.0
447	0.0
448	0.210676234576
449	0.00371170714728
450	0.0142588368976
451	0.00371170714728
452	1.20126247459
453	0.633726925336
454	0.00371170714728
455	0.0
456	0.0
457	0.0
458	0.0
459	0.00371170714728
460	0.0
461	0.0
462	0.565692466154
463	0.00371170714728
464	0.0
465	0.0136719214187
466	0.972950280723
467	1.29206863352
468	0.807582602442
469	0.00742323497645
470	0.866224951569
471	0.00371170714728
472	0.0
473	0.0
474	0.421016293147
475	0.598348587226
476	0.728215796557
477	0.0
478	0.807582602442
479	0.0
480	0.0134503938388
481	0.82236389939
482	0.020285277575
483	0.00371170714728
484	0.012498090461
485	0.00683631949757
486	0.621044641886
487	0.0
488	0.0165744677787
489	0.0
490	0.624597706905
491	0.00371170714728
492	0.00742323497645
493	0.0
494	0.00371170714728
495	0.0
496	0.00371170714728
497	0.00742323497645
498	0.00742323497645
499	0.0148457523765
500	0.21381873648
501	0.0
502	0.0
503	0.0
504	0.00371170714728
505	0.0
506	0.0111345834115
507	0.0
508	0.807882178582
509	0.6213148999
510	0.00371170714728
511	0.219132830415
512	0.0
513	0.00371170714728
514	0.00371170714728
515	0.0105476679327
516	0.00742323497645
517	0.8203435636
518	0.817252688737
519	0.00742323497645
520	0.117412946575
521	0.00742323497645
522	0.00371170714728
523	0.00371170714728
524	0.214405651959
525	0.0
526	0.00371170714728
527	0.532928112939
528	0.0
529	0.0
530	0.733110887095
531	0.0
532	0.0142588368976
533	0.00683631949757
534	0.00683631949757
535	0.012498090461
536	0.620039143935
537	0.0
538	0.0105476679327
539	0.0468065416227
540	0.00683631949757
541	0.0
542	0.0173829108375
543	0.00683631949757
544	0.00683631949757
545	0.0
546	0.0105476679327
547	0.0
548	0.696678451285
549	0.536531984413
550	0.375245397661
551	0.0105476679327
552	0.0134503938388
553	0.620025864574
554	0.210717159077
555	0.0
556	0.686051200038
557	1.22861256947
558	0.0
559	1.23752468263
560	0.0
561	0.00683631949757
562	0.80682145525
563	0.00683631949757
564	0.00371170714728
565	0.00742323497645
566	0.214405651959
567	0.00371170714728
568	1.15360580483
569	0.610587337682
570	0.00371170714728
571	0.0105476679327
572	0.00371170714728
573	0.680127681176
574	0.0
575	0.00371170714728
576	0.00371170714728
577	0.00371170714728
578	0.589206986584
579	0.659729815145
580	0.00371170714728
581	0.00371170714728
582	0.0463917714895
583	0.0
584	0.0188606127422
585	0.216284571801
586	0.00683631949757
587	0.00371170714728
588	0.0
589	0.0142588368976
590	0.541577351348
591	0.00742323497645
592	0.0194768345162
593	0.00742323497645
594	0.624597706905
595	0.00742323497645
596	0.145924914638
597	0.0
598	0.00371170714728
599	0.00371170714728
600	0.0111345834115
601	0.0134503938388
602	0.810773408973
603	0.0
604	0.20946384721
605	0.00371170714728
606	0.0
607	0.218093955413
608	0.0111345834115
609	0.00371170714728
610	0.686274518183
611	0.207093128953
612	0.00742602021863
613	0.0
614	0.489411654021
615	0.0
616	0.0142588368976
617	0.214405651959
618	0.00371170714728
619	0.0
620	0.679344202897
621	0.0
622	0.0
