res_num	entropy
1	0.0
2	0.0
3	0.0
4	0.0
5	0.0
6	0.0
7	0.0
8	0.0
9	0.0
10	0.0
11	0.0
12	0.0
13	0.0
14	0.0
15	0.0
16	0.0
17	0.0
18	0.0
19	0.0
20	0.0
21	0.0
22	0.0
23	0.0
24	0.69314718056
25	0.69314718056
26	0.978346840727
27	1.65580306475
28	0.573571088222
29	0.60370136797
30	0.127696769375
31	0.293541238249
32	0.0232920682543
33	0.0
34	0.0
35	0.0
36	0.0
37	0.0
38	0.0
39	0.0
40	0.0
41	0.0
42	0.0
43	0.00776498329309
44	0.0664413475995
45	0.0077583438105
46	0.0077583438105
47	0.701491463797
48	0.0077583438105
49	0.0
50	0.02780273209
51	0.0374256737553
52	0.105132942343
53	0.632601519376
54	0.0
55	0.0278261201751
56	0.0155290063586
57	0.639313363002
58	0.364084884044
59	0.00776498329309
60	0.0355872568966
61	1.20219978025
62	0.0644190782136
63	0.00776498329309
64	0.0278261201751
65	0.0580111243115
66	0.220488790304
67	0.540470670438
68	0.0155290063586
69	0.029696387075
70	0.0155290063586
71	0.092081194423
72	0.0141712253977
73	0.435162723744
74	0.0077583438105
75	0.48645984751
76	0.0333563165309
77	0.0200472661453
78	0.934456101605
79	0.0925036778772
80	0.0
81	0.737585059991
82	0.0077583438105
83	0.133306129196
84	0.0716064622174
85	0.0846330511505
86	0.0355572368621
87	0.0077583438105
88	1.04325303095
89	0.768863666118
90	0.0
91	0.329077682348
92	0.096336993887
93	0.0200472661453
94	0.0
95	0.0200472661453
96	0.0141592768644
97	0.0355572368621
98	0.0
99	0.640862709255
100	0.0
101	0.116946671041
102	0.178731083573
103	0.0
104	1.43042891162
105	0.155674681307
106	0.0141592768644
107	1.16690085071
108	0.664851073317
109	0.174825680751
110	0.0779958212735
111	0.335627316124
112	0.325806828217
113	0.916051041998
114	0.0155157292726
115	0.735644705588
116	0.906064458319
117	0.0
118	0.0219157030385
119	0.903026365552
120	0.0
121	0.522480857399
122	0.0219157030385
123	1.13669670168
124	0.166737407456
125	0.0
126	0.234986498558
127	0.577517127174
128	0.0077583438105
129	0.0550100124706
130	0.0077583438105
131	0.0077583438105
132	1.42329055834
133	0.0077583438105
134	0.125415151543
135	0.0155157292726
136	0.110459510394
137	0.0605600997977
138	0.0
139	0.0141592768644
140	0.700088810442
141	0.0077583438105
142	0.302227343728
143	0.381032163307
144	0.0077583438105
145	0.331276546665
146	0.119037505029
147	0.0296711689832
148	0.0959094193853
149	0.342931812254
150	0.0200472661453
151	0.0
152	1.11667149538
153	0.712140209416
154	0.77174519155
155	0.907797301643
156	0.497052884713
157	0.0
158	0.640408897812
159	0.963301440715
160	0.100164025865
161	0.0219157030385
162	1.10317638168
163	0.0141592768644
164	0.0
165	0.0077583438105
166	0.705199732065
167	0.0077583438105
168	0.0
169	0.0900349598324
170	0.0437691125803
171	0.0232721554467
172	1.25537122356
173	1.42033020438
174	0.0141592768644
175	0.0355572368621
176	0.0813637584522
177	0.530099985972
178	0.0
179	0.0155157292726
180	0.0683775158714
181	0.204906701821
182	0.0141592768644
183	0.0475059863668
184	0.0077583438105
185	0.169151896285
186	0.0077583438105
187	0.0309081637739
188	0.0077583438105
189	0.129892236187
190	0.241218466914
191	0.656838728925
192	0.100102950713
193	0.710561931712
194	0.0638596810072
195	0.0
196	0.0
197	0.331276546665
198	0.00776498329309
199	0.248444004589
200	0.0155157292726
201	0.02780273209
202	0.0846330511505
203	0.0219157030385
204	0.0155157292726
205	0.534376658339
206	0.0077583438105
207	0.0232721554467
208	0.0
209	0.0
210	0.0
211	0.0
212	0.0
213	0.0
214	0.111815962802
215	0.0077583438105
216	0.0
217	0.0219157030385
218	0.0
219	0.0
220	0.0
221	0.0
222	0.0
223	0.0
224	0.0155157292726
225	0.0155157292726
226	0.27855684994
227	0.0155157292726
228	0.0155157292726
229	0.0823903501038
230	0.0664413475995
231	0.508936699775
232	0.650077703993
233	0.974706821676
234	0.754194776734
235	0.0296711689832
236	0.135727013531
237	1.51343435527
238	0.146747669761
239	0.364093245196
240	0.029696387075
241	0.00776498329309
242	0.781034438334
243	0.31813085992
244	0.029696387075
245	0.00776498329309
246	0.023312017277
247	0.0
248	0.0232920682543
249	0.00776498329309
250	0.0219342872934
251	0.872575727608
252	0.304108179974
253	0.00776498329309
254	0.0
255	0.354990800811
256	0.319394733752
257	0.00777163485287
258	0.459727271657
259	1.21657116083
260	0.487842143919
261	0.00777163485287
262	0.743897099407
263	0.532334766412
264	0.0333841809138
265	0.374674849722
266	1.49713693307
267	0.0155290063586
268	0.140991162252
269	0.0200808046632
270	0.0438599155493
271	0.524572872574
272	0.0
273	0.0
274	0.0
275	0.029696387075
276	0.0219342872934
277	0.0155290063586
278	0.0219342872934
279	0.0219342872934
280	0.0155290063586
281	0.0155290063586
282	0.0219342872934
283	0.0232920682543
284	0.0
285	0.0
286	0.0
287	0.0
288	0.0
289	0.0
290	0.029696387075
291	1.12389248989
292	0.00776498329309
293	0.0232920682543
294	0.083944558624
295	0.750225232493
296	0.0155290063586
297	0.158769745027
298	0.96461810397
299	0.0883901167562
300	0.00776498329309
301	0.0
302	0.0
303	0.0859395662002
304	0.49438373511
305	0.0155290063586
306	0.551606390678
307	0.0155290063586
308	1.14604898636
309	0.387628955661
310	0.84577124268
311	0.029696387075
312	0.177153822161
313	1.30065151385
314	0.346105191224
315	0.0807385837209
316	1.15681150878
317	0.096412960329
318	0.00776498329309
319	0.0232920682543
320	0.0475457804224
321	0.0
322	0.00776498329309
323	0.0
324	0.769036211695
325	0.0
326	0.0
327	0.0
328	0.0
329	0.0
330	0.0
331	0.466948636474
332	0.502516423417
333	0.0155157292726
334	0.0077583438105
335	0.701701390154
336	0.00776498329309
337	0.840456892482
338	0.722763494505
339	0.00776498329309
340	0.0
341	0.077215161847
342	0.0219157030385
343	0.0077583438105
344	0.0077583438105
345	0.0155157292726
346	0.0232721554467
347	0.0374256737553
348	0.0310276213914
349	0.0219157030385
350	0.331465082513
351	0.2088072969
352	0.0310276213914
353	0.0374256737553
354	0.605209244359
355	0.0155157292726
356	0.0077583438105
357	0.0155157292726
358	0.537776064503
359	0.0155157292726
360	0.0155157292726
361	0.0528534717129
362	0.757636040656
363	0.0155157292726
364	0.0219157030385
365	1.7237397527
366	0.0155157292726
367	0.02780273209
368	0.199729558519
369	0.385101986473
370	0.0360692213472
371	0.0232721554467
372	0.803017816915
373	0.0
374	0.0
375	0.0
376	0.0
377	0.0
378	0.0
379	0.0
380	0.0
381	0.0
382	0.0
383	0.0
384	0.0
385	0.0
386	0.0
387	0.0
388	0.0
389	0.0
390	0.0
391	0.0
392	0.0
393	0.0
394	0.0
395	0.0
396	0.0
397	0.0
398	0.0
399	0.0
400	0.0
401	0.0
402	0.0
403	0.0
404	0.0
405	0.0
406	0.0
407	0.0
408	0.0
409	0.0
410	0.0
411	0.0
412	0.0
413	0.0
414	0.0
415	0.0
416	0.0
417	0.0
418	0.0
419	0.0
420	0.0
421	0.0
422	0.0
423	0.0
424	0.0
425	0.0
426	0.0
427	0.0
428	0.0
429	0.0
430	0.0
431	0.0
432	0.0
433	0.0
434	0.0
435	0.0
436	0.0
437	0.0
438	0.0
439	0.0
440	0.0
441	0.0
442	0.0
443	0.0
444	0.0
445	0.0
446	0.0
447	0.0
448	0.0
449	0.0
450	0.0
451	0.0
452	0.0
453	0.0
454	0.0
455	0.381215794443
456	1.12882180561
457	0.449396447804
458	0.533203926415
459	0.543306511315
460	0.15616663228
461	0.0077583438105
462	0.0232721554467
463	0.404198537898
464	0.0077583438105
465	0.0155157292726
466	0.0077583438105
467	0.0
468	0.0
469	0.0
470	0.69314718056
471	0.0155157292726
472	0.0296711689832
473	0.0846426205568
474	0.126771603951
475	0.529392766759
476	0.0475059863668
477	0.0374256737553
478	0.880905030859
479	0.0
480	0.0
481	0.0
482	0.0
483	0.0
484	0.0
485	0.0
486	0.0
487	0.939717167303
488	0.604261284484
489	0.0219157030385
490	0.0219157030385
491	0.740692006625
492	0.46737503533
493	0.802056282067
494	0.0141592768644
495	0.0497069066979
496	0.650784272972
497	0.0155157292726
498	0.0475457804224
499	0.127986322952
500	0.00776498329309
501	0.0
502	0.0141592768644
503	0.0077583438105
504	0.0077583438105
505	0.0219157030385
506	0.0
507	0.0374256737553
508	0.0256018117588
509	0.0
510	0.0077583438105
511	0.0141592768644
512	0.652615077928
513	0.0077583438105
514	0.0
515	0.0
516	0.0
517	0.0
518	0.0
519	0.670593692041
520	0.0409600967016
521	0.328651248968
522	0.0219157030385
523	0.0077583438105
524	0.0219157030385
525	0.0219157030385
526	0.0934287822481
527	0.02780273209
528	0.0386617064282
529	0.0
530	0.0141712253977
531	0.0155290063586
532	0.0333841809138
533	0.0
534	0.0141712253977
535	0.00776498329309
536	0.00776498329309
537	0.0232920682543
538	0.501390027965
539	0.0920882173133
540	1.27159430853
541	1.53662561004
542	0.00776498329309
543	0.451261751357
544	0.0535568305261
545	0.566955959176
546	0.0
547	0.234288686964
548	0.00776498329309
549	0.00776498329309
550	0.0155290063586
551	0.0283386061141
552	0.176821924295
553	0.279757674052
554	0.163382926709
555	0.0219157030385
556	0.402029194717
557	0.385184330144
558	0.00776498329309
559	0.0141712253977
560	0.00776498329309
561	0.0077583438105
562	0.0232721554467
563	0.0
564	0.0
565	0.0
566	0.0
567	0.0
568	0.0
569	0.0
570	0.0
571	0.0
572	0.0232721554467
573	0.343350440967
574	0.129796243563
575	0.068735876107
576	0.357247822604
577	0.0232721554467
578	0.220829914441
579	0.0374256737553
580	0.0219157030385
581	0.0355572368621
582	0.0
583	0.0
584	0.0
585	0.0
586	0.0
587	0.0
588	0.0
589	0.0
590	0.0
591	0.0
592	0.0
593	0.0
594	0.0
595	0.0
596	0.0
597	0.0
598	0.0
599	0.0
600	0.0
601	0.0
602	0.0
603	0.0
604	0.0
605	0.0
606	0.0
607	0.0
608	0.0
609	0.0
610	0.0
611	0.0
612	0.0
613	0.0
614	0.0
615	0.0
616	0.0
617	0.0
618	0.0
619	0.0
620	0.0
621	0.0
622	0.0
623	0.0
624	0.0
625	0.0
626	0.0
627	0.0
628	0.0
629	0.0
630	0.0
631	0.0
632	0.0
633	0.0
634	0.0
635	0.0
636	0.0
637	0.0
638	0.0
639	0.0
640	0.0
641	0.0
642	0.0
643	0.0
644	0.0
645	0.0
646	0.0
647	0.0
648	0.0
649	0.0
650	0.0
651	0.0
652	0.0
653	0.0
654	0.0
655	0.0
656	0.0
657	0.0
658	0.0
659	0.0
660	0.0
661	0.0
662	0.0
663	0.0
664	0.0
665	0.0
666	0.0
667	0.0
668	0.0
669	0.0
670	0.0
671	0.0
672	0.0
673	0.0
674	0.0
675	0.0
676	0.0
677	0.0
678	0.0
679	0.0
680	0.0
681	0.0
682	0.0
683	0.0
684	0.0
685	0.0
686	0.0
687	0.0
688	0.0
689	0.0
690	0.0
691	0.0
692	0.0
693	0.0
694	0.0
695	0.0
696	0.0
697	0.0
698	0.0
699	0.0
700	0.0
701	0.0
702	0.0
703	0.0
704	0.0
705	0.0
706	0.0
707	0.69314718056
708	0.69314718056
709	0.69314718056
710	0.0077583438105
711	0.0
712	0.0232721554467
713	0.0
714	0.0
715	0.02780273209
716	0.0464142860179
717	0.399292575497
718	0.707275759899
719	0.0296711689832
720	0.0077583438105
721	0.0627587302943
722	0.472376335386
723	0.0
724	0.0
725	0.0
726	0.0
727	0.0
728	0.0
729	0.573672473529
730	0.0077583438105
731	0.0891085992084
732	0.520680109796
733	0.460815645495
734	0.257546081936
735	0.0592713787683
736	0.0
737	0.0
738	0.0
739	0.0
740	0.0
741	0.0
742	0.0419543271083
743	0.0155157292726
744	0.223119899222
745	0.0
746	0.0
747	0.0
748	0.0
749	0.0
750	0.0
751	0.0
752	0.725390628678
753	0.0077583438105
754	1.0570208079
755	0.368368674695
756	0.722982371818
757	0.690396376517
758	0.560369983741
759	0.0077583438105
760	0.623251703071
761	0.0
762	0.0
763	0.0
764	0.0
765	0.0
766	0.0
767	0.0
768	0.0
769	0.0
770	0.0
771	0.0
772	0.0
773	0.0
774	0.0
775	0.822553049203
776	0.520089853713
777	0.02780273209
778	0.0
779	0.394303318949
780	0.472773147009
781	0.823889654326
782	0.459268386079
783	0.0
784	0.0355572368621
785	0.264279443816
786	0.879060110903
787	0.0581908634822
788	0.0232721554467
789	0.425583614216
790	0.733636149963
791	0.0155157292726
792	0.0077583438105
793	0.0141592768644
794	0.0627587302943
795	0.0077583438105
796	1.21481860798
797	0.0386617064282
798	0.0232721554467
799	0.562699789436
800	0.0077583438105
801	0.0672276181859
802	0.0077583438105
803	0.0200472661453
804	0.16018340644
805	0.569419358928
806	0.0077583438105
807	0.0
808	0.168032973024
809	0.0232920682543
810	0.0
811	0.512087715289
812	0.0
813	0.0504819148918
814	0.00776498329309
815	0.63092150685
816	0.00776498329309
817	0.448717442376
818	0.360450852618
819	0.00776498329309
820	0.0
821	0.115459576619
822	0.833022716768
823	0.482881290703
824	0.0
825	0.0
826	0.00776498329309
827	0.0
828	0.0
829	0.496488864289
830	0.0077583438105
831	0.0
832	0.0077583438105
833	0.0
834	0.738692006123
835	0.0077583438105
836	0.330151850372
837	0.329077682348
838	0.0
839	0.0
840	0.0155157292726
841	0.904158915666
842	0.0535130856977
843	0.0
844	0.0
845	0.990231704053
846	0.0
847	0.503292039673
848	0.519785354787
849	0.719872822878
850	0.0077583438105
851	0.0386617064282
852	0.373575255557
853	0.0155157292726
854	0.169153158219
855	0.899854925836
856	0.0077583438105
857	0.0
858	0.731270102789
859	0.0077583438105
860	0.0141592768644
861	0.0077583438105
862	0.0296711689832
863	0.0
864	0.0077583438105
865	0.034200784454
866	0.62385378718
867	0.0155157292726
868	0.0077583438105
869	0.173627615103
870	0.124043898745
871	0.0
872	0.0155157292726
873	0.02780273209
874	0.489895694434
875	0.857551984497
876	0.624893671704
877	0.0219157030385
878	1.0030240343
879	0.932008386986
880	0.0077583438105
881	0.0
882	0.0155157292726
883	0.0141592768644
884	0.693311719033
885	0.0
886	0.0
887	0.831569201412
888	0.462709889749
889	0.0141592768644
890	0.544890543919
891	0.601229230054
892	0.0141592768644
893	0.133148268061
894	0.0155157292726
895	0.107902044566
896	0.290946897118
897	0.0219157030385
898	0.0296711689832
899	0.715473382797
900	0.0551059104814
901	0.82365774759
902	0.0542336329727
903	0.0219157030385
904	0.127170046023
905	0.0438227640015
906	0.685967996623
907	0.801403276313
908	1.09421488544
909	1.07495592526
910	0.244536184501
911	0.0141592768644
912	0.0360692213472
913	0.0232721554467
914	0.0077583438105
915	1.07087417224
916	0.736227617685
917	0.0
918	0.0077583438105
919	0.0232721554467
920	0.214154357027
921	0.504492833224
