res_num	entropy
1	0.0
2	0.0243142314953
3	0.576529366009
4	0.0636212708383
5	0.0288226520675
6	0.0525088051886
7	0.22879979968
8	0.00796292228385
9	0.0158968420423
10	0.0468270477314
11	0.294071094829
12	0.0576536020398
13	0.186838978627
14	0.0445416522103
15	0.0687297020984
16	0.151860136878
17	0.0
18	0.0139942265822
19	0.00766664058106
20	0.0498782569964
21	0.0
22	0.0197994996406
23	0.00766017829614
24	0.00766017829614
25	0.0
26	0.0
27	0.00765372756589
28	0.0
29	0.00765372756589
30	0.0
31	0.0
32	0.0
33	0.0139593912002
34	0.0
35	0.0
36	0.0139593912002
37	0.00764728835869
38	0.00764728835869
39	0.0139593912002
40	0.0
41	0.0
42	0.00764728835869
43	0.0
44	0.0
45	0.0139593912002
46	0.00764728835869
47	0.0274114624515
48	0.00764728835869
49	0.00764728835869
50	0.0
51	0.0
52	0.65722612917
53	0.442571657817
54	0.0
55	0.019766958465
56	0.0
57	0.0139593912002
58	0.0
59	0.0
60	0.328223593223
61	0.00764728835869
62	0.0604199511506
63	0.0
64	0.386795776308
65	0.00764728835869
66	0.0
67	0.0139593912002
68	0.0527810401908
69	0.0
70	0.0
71	0.0726211453229
72	0.0
73	0.0586822620287
74	0.178327181228
75	0.0
76	0.0
77	0.00764728835869
78	0.0755859388419
79	0.0
80	0.0
81	0.0
82	0.0
83	0.0252465533288
84	0.0
85	0.116994988412
86	0.331589671008
87	0.0
88	0.354550510017
89	0.107053153675
90	0.174734337669
91	0.161349975523
92	0.015293649488
93	0.0
94	0.00764728835869
95	0.00764728835869
96	0.021604824206
97	0.298013403519
98	0.14081233153
99	0.859968026263
100	0.0404014373377
101	0.106642207222
102	0.121074501758
103	0.140397044019
104	0.0
105	0.0
106	0.00764728835869
107	0.0
108	0.0
109	0.0
110	0.0
111	0.813146118057
112	0.0
113	0.0958867199565
114	0.061986714316
115	0.0
116	0.0279150699046
117	0.0
118	0.0
119	0.0304820310387
120	0.0
121	0.0274114624515
122	0.0
123	0.0328901273984
124	0.0
125	0.0534071647434
126	0.0
127	0.019766958465
128	0.00764728835869
129	0.0451411948
130	0.00764728835869
131	0.0
132	0.0
133	0.0139593912002
134	0.0
135	0.0
136	0.00764728835869
137	0.441383886122
138	0.0834382054544
139	0.00764728835869
140	0.0
141	0.0229390824939
142	0.13825635545
143	0.00764728835869
144	0.0835914885693
145	0.172047491462
146	0.0527810401908
147	0.269106752646
148	0.0
149	0.019766958465
150	0.310241196522
151	0.0457663858278
152	0.063006470027
153	0.0
154	0.0542695001433
155	0.0556820616442
156	0.151929076006
157	0.0
158	0.817618067039
159	0.14525235086
160	0.00764728835869
161	0.0
162	0.0
163	0.433770204965
164	0.0
165	0.0
166	0.0619074757638
167	0.0
168	0.0
169	0.0497593954723
170	0.494195079277
171	0.021604824206
172	0.0977245856975
173	0.0497593954723
174	0.106489661962
175	0.0
176	0.0
177	0.170289677424
178	0.021604824206
179	0.0665876351369
180	0.448279740873
181	0.00764728835869
182	0.0
183	0.577180322027
184	0.00764728835869
185	0.0831488336545
186	0.021604824206
187	0.218519570498
188	0.0
189	0.015293649488
190	0.021604824206
191	0.0
192	0.015293649488
193	0.0607469945323
194	0.0
195	0.00764728835869
196	0.0586822620287
197	0.0
198	0.128123267507
199	0.00764728835869
200	0.339132304446
201	0.216528595262
202	0.151536090357
203	0.383989656693
204	0.526618074959
205	0.00764728835869
206	0.961270596742
207	0.469198578409
208	0.334947687772
209	0.0
210	0.204186315658
211	0.312798782238
212	0.0726733214239
213	0.057398306432
214	0.019766958465
215	0.0274114624515
216	0.0355227808818
217	0.0527810401908
218	0.0
219	0.152469739407
220	0.00764728835869
221	0.021604824206
222	0.0795607983671
223	0.0
224	0.102694752893
225	0.0480422162533
226	0.686123446291
227	0.0
228	0.0886247592957
229	0.015293649488
230	0.0
231	0.0328901273984
232	0.115757785905
233	0.111316348755
234	0.0
235	0.00764728835869
236	0.0
237	0.0274114624515
238	0.00764728835869
239	0.210114938642
240	0.0355227808818
241	0.104543512258
242	0.0
243	0.0
244	0.0663193014001
245	0.0444321275399
246	0.00764728835869
247	0.021604824206
248	0.0
249	0.0153065261142
250	0.00764728835869
251	0.0502350407146
252	0.0279150699046
253	0.015293649488
254	0.0973686133651
255	0.0229390824939
256	0.0279150699046
257	0.0229390824939
258	0.0923381623595
259	0.015293649488
260	0.00764728835869
261	0.015293649488
262	0.0
263	0.0
264	0.0
265	0.0
266	0.0
267	0.153551050599
268	0.015293649488
269	0.0
270	0.0
271	0.0696003167801
272	0.0355227808818
273	0.0
274	0.509860292646
275	0.603949610593
276	0.0
277	0.0
278	0.0355227808818
279	0.0480422162533
280	0.0977343645739
281	0.0274114624515
282	0.0355586439742
283	0.137372931032
284	0.0586822620287
285	0.015293649488
286	0.00765372756589
287	0.00765372756589
288	0.00765372756589
289	0.8034740174
290	0.0
291	0.0964502031025
292	0.0571108584362
293	0.32469622331
294	0.074972390483
295	0.0
296	0.0
297	0.0
298	0.550611159452
299	0.762894760717
300	0.0
301	0.0527810401908
302	0.102243740032
303	0.0527810401908
304	0.00764728835869
305	0.0
306	0.0
307	0.0
308	0.0992093232957
309	0.0
310	0.015293649488
311	0.0139593912002
312	0.0
313	0.0604199511506
314	0.0139593912002
315	0.00764728835869
316	0.0
317	0.0
318	0.0
319	0.0
320	0.0672494424498
321	0.0
322	0.0
323	0.0404014373377
324	0.015293649488
325	0.0
326	0.00764728835869
327	0.00764728835869
328	0.0
329	0.0
330	0.015293649488
331	0.015293649488
332	0.00764728835869
333	0.063006470027
334	0.0
335	0.523747098031
336	0.0139593912002
337	0.0
338	0.015293649488
339	0.0355586439742
340	0.207069613922
341	0.00764728835869
342	0.0
343	0.00764728835869
344	0.0
345	0.00764728835869
346	0.0894469197825
347	0.00764728835869
348	0.00764728835869
349	0.0395255557454
350	0.00764728835869
351	0.0139593912002
352	0.0
353	0.0
354	0.00764728835869
355	0.021604824206
356	0.0
357	0.0
358	0.00764728835869
359	0.0
360	0.0
361	0.0
362	0.015293649488
363	0.0
364	0.00764728835869
365	0.0
366	0.0
367	0.021604824206
368	0.0
369	0.00764728835869
370	0.362609539819
371	0.0
372	0.0
373	0.0
374	0.0
375	0.0
376	0.0
377	0.00764728835869
378	0.0
379	0.0
380	0.0
381	0.0139593912002
382	0.00764728835869
383	0.0
384	0.015293649488
385	0.00764728835869
386	0.0
387	0.0
388	0.0
389	0.0
390	0.10110852592
391	0.021604824206
392	0.0
393	0.0
394	0.0
395	0.015293649488
396	0.00764728835869
397	0.0
398	0.198656914788
399	0.019766958465
400	0.0139593912002
401	0.00764728835869
402	0.0292493281925
403	0.0
404	0.00764728835869
405	0.00764728835869
406	0.015293649488
407	0.148073979103
408	0.00764728835869
409	0.0337207782332
410	0.0
411	0.0
412	0.0
413	0.021604824206
414	0.0
415	0.0
416	0.0
417	0.0
418	0.0
419	0.0139593912002
420	0.00764728835869
421	0.021604824206
422	0.00764728835869
423	0.194767078471
424	0.0915536960876
425	0.0
426	0.0
427	0.0714173679265
428	0.0
429	0.0619074757638
430	0.00764728835869
431	0.0450023581586
432	0.0
433	0.0229390824939
434	0.0350550365211
435	0.00764728835869
436	0.00764728835869
437	0.0
438	0.0
439	0.00764728835869
440	0.0
441	0.684931672008
442	0.0
443	0.246717161253
444	0.0
445	0.0
446	0.0
447	0.0
448	0.0
449	0.0
450	0.00764728835869
451	0.0
452	0.00764728835869
453	0.0
454	0.0
455	0.0
456	0.0
457	0.0355227808818
458	0.0
459	0.015293649488
460	0.0
461	0.021604824206
462	0.0604199511506
463	0.0
464	0.0497593954723
465	0.00764728835869
466	0.015293649488
467	0.0279150699046
468	0.00764728835869
469	0.0531467445273
470	0.00764728835869
471	0.0
472	0.015293649488
473	0.0
474	0.0
475	0.0542695001433
476	0.496364307746
477	0.0
478	0.0
479	0.0480422162533
480	0.0
481	0.0
482	0.0
483	0.0
484	0.0
485	0.015293649488
486	0.0
487	0.0139593912002
488	0.0139593912002
489	0.0
490	0.00764728835869
491	0.0
492	0.00765372756589
493	0.0
494	0.00765372756589
495	0.0
496	0.0
497	0.0913648041323
498	0.563821964705
499	0.060468837486
500	0.0
501	0.0153065261142
502	0.0
503	0.0
504	0.00765372756589
505	0.019783214723
506	0.00765372756589
507	0.00765372756589
508	0.00765372756589
509	0.0
510	0.00766017829614
511	0.0
512	0.0153194257812
513	0.0274568828037
514	0.0
515	0.0
516	0.114042270168
517	0.0
518	0.0356088509316
519	0.0351425580632
520	0.0
521	0.323342851669
522	0.0216590010417
523	0.0529086516514
524	0.137119424088
525	0.0
526	0.0274796533399
527	0.00766664058106
528	0.0305563102869
529	0.037047918188
530	0.0147974226855
531	0.00811309099729
532	0.0147974226855
533	0.0612977062228
534	0.0706253562646
535	0.0848939368986
536	0.0147974226855
537	0.0162251202767
538	0.0
539	0.0
540	0.00811309099729
541	0.0
542	0.0
543	0.0
544	0.0
545	0.0311294882943
546	0.00814237978701
547	0.0
548	0.0
549	0.00817930823281
550	0.00818673666706
551	0.00818673666706
552	0.0149298354278
553	0.0325490661614
554	0.00818673666706
555	0.0
556	0.0
557	0.0
558	0.021202577004
559	0.0353721333715
560	0.00826940577267
561	0.00831525033687
562	0.0
563	0.0
564	0.0236909119911
565	0.0
566	0.0
567	0.0
568	0.0
569	0.0
570	0.0
571	0.0
572	0.0
573	0.00849610961075
574	0.0170071433152
575	0.0170556513981
576	0.0170881538185
577	0.0825182988721
578	0.0
579	0.0085855988435
580	0.0171864558338
581	1.09861228867
582	0.69314718056
583	0.0
584	0.0
585	0.0
586	0.0
587	0.0
588	0.0
589	0.0
590	0.0
