SITE	GLY	ALA	LEU	VAL	ILE	PRO	ARG	THR	SER	CYS	MET	LYS	GLU	GLN	ASP	ASN	TRP	TYR	PHE	HIS
1	-0.604670	-0.287160	0.118520	0.178510	0.300340	-0.037850	-0.022730	0.000000	-0.194930	-0.071310	0.008500	-0.026050	-0.079800	0.032480	-0.058370	-0.006820	0.023770	0.166040	0.083840	0.136450
2	0.463390	-0.002750	-0.712580	-0.150360	-0.463790	-0.411860	-0.247540	0.000000	-0.018260	-0.276190	-0.871620	-0.552170	-0.147070	-0.575400	-0.142880	-0.080010	0.133360	-0.465390	-0.581150	-0.255200
3	0.000000	2.800685	3.213710	4.199250	4.165010	8.990920	3.158640	4.954670	3.157590	3.090550	2.945170	3.103200	2.932960	3.102920	2.124246	3.071620	3.296290	3.020430	2.881900	3.140510
4	2.857309	2.081537	0.255150	0.000000	-0.832450	1.645432	1.175740	1.194640	2.542129	1.396440	-0.081940	0.749970	1.720073	1.349520	2.296523	2.089496	0.164930	0.780140	0.662020	1.371150
5	1.856578	1.370318	-0.385230	0.786280	0.107820	5.236160	1.105090	1.635052	1.490443	1.212850	-0.306380	0.483410	1.069330	1.061420	1.695354	1.432526	0.144930	0.000000	0.327770	1.339378
6	5.118860	3.777980	3.506520	3.458750	3.070150	2.864304	0.000000	4.224020	4.585240	3.342440	2.612495	3.346660	3.558790	2.774009	4.378870	4.163900	4.036610	3.853860	4.659180	4.009060
7	4.210108	3.351690	0.068170	1.273790	0.000000	5.390531	3.719077	3.175070	3.982454	2.802560	1.138500	2.578740	3.187980	2.749530	3.769083	3.182540	1.905680	1.789590	1.053860	3.257900
8	1.660845	1.515542	0.343340	1.341760	0.423330	1.535545	1.252610	1.540398	1.849899	1.466067	0.000000	1.018680	1.121920	1.264340	1.593687	1.694509	0.319860	0.420830	0.040670	1.328510
9	0.620790	-0.788230	-1.299340	-0.026440	-0.195550	0.736310	-0.276830	0.000000	0.597480	0.113230	-0.787150	-1.582770	-1.534280	-1.138810	-0.989540	-1.261630	-2.414050	-1.475290	-2.072880	-1.078040
10	0.033540	0.031140	-0.187640	0.109940	-0.226300	2.740872	-0.274700	0.087460	0.000000	-0.008540	-0.417730	-0.256180	-0.205830	-0.142190	0.042330	-0.020570	-0.559330	-0.334730	-0.250630	-0.078510
11	0.980883	0.830380	0.697070	0.830900	0.681000	3.527330	0.697180	0.638420	0.841300	0.757800	0.189870	0.458260	0.660850	0.906746	0.794930	1.190347	-0.145310	0.000000	-0.084620	0.915447
12	5.333470	3.929820	1.940876	2.025750	1.616290	3.300674	4.435800	3.169444	5.017120	2.929444	1.954674	3.085875	3.561776	0.000000	4.549480	4.905020	3.442945	2.999752	4.197130	4.411600
13	0.956160	0.000000	-0.788140	0.330480	0.963080	1.411350	0.035120	1.074630	0.631610	0.080190	-0.970310	-0.442150	-0.173980	-0.217120	-0.090460	0.015580	-0.000090	1.705820	-0.935320	1.326920
14	0.000000	5.597577	19.771450	15.231450	19.886950	11.774930	16.189450	14.109000	9.466480	9.967800	13.772730	15.619550	18.595750	19.095650	18.688350	16.993650	32.058250	24.555750	24.262550	56.538450
15	1.413940	0.000000	8.022150	3.660160	7.793490	5.480350	23.565120	3.024579	0.765540	1.604224	9.080810	15.031020	14.193220	12.942720	8.991040	6.596960	38.650920	31.362720	24.713120	33.405920
16	0.000000	7.723800	24.849260	18.563460	25.754060	12.239700	20.542560	17.176160	10.143260	12.173420	11.314280	27.326760	13.878350	13.980640	13.459810	21.262560	48.567960	29.289760	19.634960	80.148360
17	5.090380	3.139561	0.364470	0.000000	-0.159680	3.070526	1.778327	2.160755	3.527836	2.473150	0.514570	2.358832	3.902050	2.523177	5.038100	2.780401	4.351740	1.943182	1.439590	7.973720
18	2.933386	2.059205	0.427810	0.490860	0.742140	3.686940	1.459450	2.067299	2.789797	1.575738	0.000000	2.147026	2.746092	2.166357	2.320093	2.210068	2.845930	1.011860	0.720260	2.860883
19	3.169250	1.726188	-0.434060	0.000000	-0.384230	6.971340	0.359260	0.969110	1.827378	0.763940	-0.666330	0.495920	1.815640	0.444780	2.353199	1.804987	0.425820	-0.259280	-0.478370	0.887120
20	0.393320	0.537740	0.312410	2.506285	2.501746	3.237230	0.241200	2.448639	0.520960	0.475130	0.176460	-0.100760	0.000000	0.027560	-0.422790	-0.868710	0.697350	0.362960	0.264910	0.269420
21	0.000000	2.701208	2.803125	3.857520	4.883210	5.150290	2.769954	3.632590	2.594700	2.681631	2.796041	2.447578	2.652542	2.783686	2.498409	2.183724	2.876422	2.733679	2.768007	2.739662
22	3.723810	2.267336	6.593520	0.000000	1.313384	7.266100	5.431130	2.350947	3.121109	2.207808	3.793200	4.217460	6.765780	4.898000	6.409640	5.115550	15.361590	13.005290	12.415590	12.127930
23	5.808890	4.421840	1.063950	3.978370	3.159296	6.377630	3.887890	4.583710	5.526940	3.866880	1.312850	3.607437	4.509580	4.035050	5.285360	4.744960	0.000000	5.808890	4.421840	1.063950
24	5.081920	3.249090	1.990212	2.377607	1.376850	7.370830	13.717980	2.563903	4.835290	2.636136	0.630820	2.373392	3.266094	4.314140	5.829270	3.550656	21.721980	6.307580	4.241920	0.000000
25	2.246420	1.930060	-3.008590	2.541610	3.135179	3.075957	12.706910	0.000000	1.357580	0.861850	-0.165720	6.997200	3.519427	2.482760	3.887245	1.582040	24.833850	16.011150	9.535950	13.935050
26	4.455610	3.090686	0.000000	4.100080	2.789681	1.780629	6.410520	3.979940	3.561210	2.666819	0.814560	5.117860	5.672400	3.678280	5.831510	2.828597	17.885770	11.732190	5.790350	3.797460
27	3.051400	1.897787	0.712920	2.494923	2.274649	13.472000	1.942147	4.197770	2.266911	2.503065	0.701430	1.354159	3.181310	2.276123	4.013420	2.604522	0.000000	0.200890	-0.175230	1.892488
28	0.432280	0.025790	-0.797890	0.639040	0.053330	4.454040	-1.788790	0.949520	-0.014030	0.568980	-0.263860	-1.182570	0.554740	-0.344370	1.051700	0.089300	0.169330	0.121390	-0.805770	0.000000
29	2.952520	1.344410	1.185210	-0.143930	0.798890	3.159100	4.930474	0.000000	1.390770	1.060320	2.632400	1.924830	5.173945	3.498640	3.223690	1.739000	28.589030	22.567230	18.625430	38.923130
30	3.419680	2.342750	0.418670	0.895300	1.580540	3.800642	2.172670	0.000000	1.800870	1.622620	0.274480	2.883880	3.082770	2.832630	3.636790	2.190950	4.496217	0.875900	2.437530	7.463900
31	0.390810	1.573628	0.359210	2.335246	1.948998	4.537330	0.039700	2.235353	1.008873	1.460044	0.319670	0.000000	0.915050	-0.097190	0.983020	0.405070	0.910710	0.484620	0.490140	1.211117
32	0.000000	2.806810	1.147610	3.810563	3.303760	5.239028	1.667430	4.192240	3.003040	2.903820	0.958420	2.039840	1.434130	1.351510	2.480220	1.699600	2.516380	3.417180	2.364960	2.711600
33	0.831770	0.000000	-0.051160	0.239210	0.357180	2.412658	-0.568980	-0.060450	-0.162710	-0.060610	-1.270320	-0.250860	-0.536890	-0.457960	-0.309410	0.186020	-0.437380	-0.285500	-0.392310	-0.051790
34	0.603830	0.000000	-0.379630	-0.611130	-0.571310	-1.153230	-0.863030	0.185820	0.878990	-0.163320	-0.946250	-0.874380	-0.714170	-0.232770	0.637630	-0.240890	-0.428810	-0.958040	-1.130040	-1.297790
35	3.928390	3.012694	0.000000	1.521420	0.174550	8.537610	1.177350	2.668094	3.338551	2.469987	-0.102560	2.099178	3.055130	1.780190	3.062633	2.089272	-0.055760	1.341790	1.163580	2.664471
36	0.795790	1.084350	0.628320	1.259495	0.444840	-0.099530	0.455640	0.933280	1.227685	0.818820	0.000000	0.446790	0.915409	0.669230	0.824720	0.758000	-0.098180	0.315590	0.292100	0.667250
37	0.416720	-0.341760	-2.022720	-0.224870	-0.748150	3.888688	-0.791570	-0.099810	0.000000	-0.470670	-2.532360	-0.352610	0.078220	-0.071190	0.747810	0.054750	-2.220660	-3.864430	-3.749160	-0.883360
38	0.000000	-0.251620	-0.434600	0.077100	-0.126610	-0.831420	-0.307510	0.052040	-0.056270	0.000270	-0.590250	-0.223020	-0.324170	-0.065250	-0.189490	-0.006280	-0.250530	-0.125260	-0.628560	0.093830
39	0.360040	0.585990	0.283270	0.824930	0.095430	0.837890	-0.211890	0.620990	0.287690	-0.029270	-0.597680	-0.178630	0.000000	0.012720	-0.007440	-0.162920	0.357340	0.246790	0.251470	0.338400
40	0.000000	2.523528	2.821400	3.960700	3.787450	5.056860	2.013548	3.758840	2.895010	2.756737	2.729527	2.208979	2.011021	2.026005	1.670265	2.369652	2.710114	2.805045	2.796128	2.443272
41	1.799406	1.312356	0.824340	1.208372	0.568940	0.300180	0.000000	1.458218	1.894860	1.035401	0.374740	0.429990	0.831250	0.605890	1.994806	1.168456	1.429568	1.383501	1.456101	1.643725
42	3.504338	2.231010	0.000000	1.574460	0.962940	4.807720	0.833660	2.664808	3.027197	2.038411	-0.422270	1.160240	2.579007	1.771969	2.184705	2.660820	0.779930	0.690330	0.209010	2.516168
43	1.353243	0.878960	-0.193120	0.663930	0.012600	1.047530	0.214660	0.397740	0.662960	0.503080	-0.224790	0.014100	0.382800	0.440810	0.000000	0.247430	-0.010440	-0.016310	-0.175120	0.624720
44	2.915745	1.836938	1.672798	2.871201	2.597164	0.000000	1.069760	2.937907	2.088133	2.284073	1.380086	1.000930	2.277841	1.721861	2.269122	2.323247	1.975421	1.727335	1.683646	1.754527
45	2.335287	1.613394	0.420690	1.702635	1.482582	8.938400	0.939856	1.455971	2.256950	1.952430	0.800170	0.403790	1.089788	0.262440	1.565045	1.479384	0.077300	0.000000	-0.094640	0.926604
46	2.076049	1.506021	1.150210	1.913992	1.531762	5.946680	0.810130	1.857023	1.136131	1.470394	0.699350	1.011118	1.217435	0.860000	1.806867	1.928858	0.000000	1.116645	0.835460	1.686852
47	0.000000	0.008420	-0.843550	1.123488	3.909120	1.208539	-0.298980	0.130220	0.139210	0.230620	-0.913770	-0.367190	0.655950	0.267750	0.892840	0.697390	-0.985370	-0.563780	-0.623230	0.316870
48	1.388674	-0.241900	-1.150040	-0.361260	-0.370240	2.121508	-0.710580	0.426380	0.000000	-0.431860	-0.946190	-0.973410	-0.074700	-0.397450	-0.918410	-0.756120	-0.778560	-0.907790	-1.097180	-1.208650
49	0.430630	-0.095290	-0.604310	0.000000	-0.472060	-1.815140	-0.208450	0.272000	0.393150	0.313940	-0.487180	-0.326680	-0.736880	-0.235190	-0.114140	0.334470	0.204740	0.011580	-0.044270	0.304500
50	0.368820	0.019570	0.087560	0.292260	0.208300	-0.990040	0.061450	0.076220	0.106290	0.254880	0.010440	0.000000	-0.175320	-0.069560	-0.043600	0.344790	0.186140	0.208850	0.218150	0.384320
51	0.273700	0.491940	0.105800	1.444866	1.619087	0.677810	0.028970	1.863629	0.300310	0.723980	0.030390	0.273950	0.000000	-0.560110	0.368180	-0.513820	1.018156	-0.564890	-0.169520	0.755600
52	1.849363	2.030155	1.294660	3.761380	3.650080	8.149400	2.007944	3.301070	2.805698	2.042198	1.547747	1.448666	1.776269	1.634657	0.000000	1.080367	1.729870	0.377230	-0.162540	2.084005
53	1.792097	0.410050	-2.744650	-0.357070	0.348680	4.543040	0.000000	0.655370	1.539971	-0.161980	-2.070140	-0.966410	2.844691	-0.165990	3.586380	1.439060	7.112580	6.242630	4.174400	3.507680
54	3.923341	3.061428	0.000000	2.330685	1.804990	12.952050	3.481927	2.342260	3.088523	2.653007	0.455590	2.707723	3.655604	3.023956	4.697490	3.170606	3.067800	2.605370	3.749632	1.928730
55	2.246391	0.942670	3.019880	1.371399	3.764550	3.195725	9.222530	1.623031	1.200650	0.000000	1.978461	6.537860	7.370760	10.425180	5.638160	3.306846	16.763230	9.258570	6.510070	46.799330
56	6.595610	5.303320	1.146990	3.433963	2.771937	7.334530	4.172260	5.672650	6.235290	4.661100	1.409680	3.489523	6.381950	5.376860	7.022570	5.940420	6.401870	0.000000	-0.210440	3.714773
57	0.000000	3.212880	2.507496	4.988340	4.866090	7.484590	3.447660	7.400290	4.193390	3.501890	2.665074	3.582960	3.947660	3.507300	4.432350	2.869849	2.787887	4.307980	4.412000	5.471800
58	0.000000	3.625960	4.533540	7.155850	7.899100	6.880110	5.143690	6.663810	3.714480	3.882240	4.879560	4.900410	4.737130	4.492280	4.302180	4.486360	5.385460	5.669130	4.941910	10.545420
59	1.811211	1.756599	1.832366	2.908060	2.319383	0.000000	2.066105	2.609654	1.842296	2.177824	1.218449	2.034935	0.976739	1.768813	1.050843	1.358459	2.750188	2.205210	2.126844	2.415367
60	5.834520	5.062680	4.019720	3.970880	3.673870	2.609914	5.945640	4.846980	5.829800	4.702140	3.016900	4.312660	4.770540	5.179090	4.489410	4.570390	0.000000	1.670394	1.674662	4.247780
61	1.128210	0.117130	0.401520	1.211080	1.631090	4.872920	-0.120230	2.145222	0.417490	-0.355740	-0.427420	0.000000	1.353170	-0.188230	1.902490	-0.197760	1.149310	1.276850	0.260310	0.832210
62	4.371490	3.588389	0.000000	3.223443	1.945299	5.354340	3.879600	4.194980	3.405652	2.874465	0.089050	4.427330	4.559710	3.776130	4.317100	3.727241	8.874850	8.993140	3.832800	5.980300
63	0.532770	0.221680	0.285780	0.578680	0.463200	-0.023460	0.543440	1.369000	0.786410	0.458610	0.520660	0.254930	0.233120	0.000000	0.470150	0.642490	1.107923	0.538690	0.503250	1.000462
64	0.299650	-0.280150	-0.217890	0.035550	-0.351880	-0.292990	-1.008160	0.490450	-0.302230	-0.410400	-0.204830	-0.821030	0.742990	-1.009360	1.837305	-0.672810	-0.143690	-0.705160	-0.954470	0.000000
65	0.858780	0.617130	0.069670	0.619960	0.503440	2.049297	-0.026950	0.537250	0.739620	0.552340	-0.174800	0.000000	0.521450	0.576700	1.197299	1.045080	0.678950	-0.764770	-0.469250	0.961360
66	4.508830	3.358561	1.484710	2.098839	2.316512	1.435120	3.844260	3.535535	4.239610	3.124436	1.349550	4.027860	3.099584	3.457360	3.917970	3.651790	0.000000	0.733750	1.044390	2.262717
67	2.834965	2.796855	2.041863	3.210245	3.247793	1.581211	2.615080	3.578740	2.891130	2.324150	2.348352	2.637823	2.891483	2.912309	1.959216	0.000000	2.668667	1.434426	2.380351	3.149146
68	0.000000	2.375470	1.870769	4.061820	3.274570	6.378180	2.400595	3.487740	2.516782	2.518230	0.919970	2.306940	2.422241	2.561626	2.751957	2.253970	3.132879	2.334744	2.196609	2.199689
69	0.337730	0.474070	-0.305690	0.182590	0.306150	3.538190	-0.753800	0.303900	0.057650	0.579770	0.666330	-0.736530	0.100570	-0.508310	0.085210	0.063080	0.185340	-0.320590	-0.373080	0.000000
70	1.711209	1.233235	0.127550	0.181020	-0.261560	3.192770	0.788910	0.201900	1.098080	0.335450	-0.427200	0.588090	0.706990	0.390550	0.000000	-0.098600	0.637920	0.370980	-0.132900	0.288760
71	0.635260	0.037030	-0.654310	0.322300	0.163710	-1.134070	-0.162230	0.737930	0.701000	0.179730	-0.623190	-0.383230	0.000000	0.236210	0.849360	0.604970	0.314980	0.275280	-0.016980	0.907390
72	4.274567	2.959463	1.565310	0.000000	-0.166440	6.727890	7.182510	2.536680	3.916976	2.064200	0.410440	5.351600	6.937760	5.489400	6.523460	4.510205	16.015590	11.422560	5.181880	19.921890
73	1.935235	0.734920	-0.748650	-0.043030	-0.228250	2.896147	-0.909450	0.998200	1.364340	0.699810	-0.735200	-0.558770	-0.029300	0.000000	2.075954	1.172990	-0.471520	-0.046160	-0.329590	0.976730
74	6.566380	4.734780	0.379760	1.854535	1.396280	4.694800	6.770430	3.976240	5.749020	3.999400	0.000000	4.252580	4.690880	2.820797	6.008830	4.514510	7.740140	14.289750	8.766970	8.552580
75	3.800810	2.659704	0.518440	0.965660	0.000000	3.311370	1.244910	1.721323	2.773676	2.536273	0.472160	0.876030	1.296609	1.937035	3.393370	1.524770	1.044140	1.054460	0.831170	2.761137
76	3.894550	2.284223	2.445017	0.000000	0.528760	3.929160	3.862240	1.850930	2.453098	1.435510	2.572991	3.078407	5.752530	5.796510	4.539930	2.401080	8.629870	16.154620	5.452820	4.096940
77	3.045708	1.335593	1.632856	0.000000	0.094560	6.440750	4.155130	1.228550	2.323839	1.166260	-0.822760	2.699033	1.840692	2.151835	1.427359	1.561887	7.252100	4.219630	2.279942	1.481617
78	1.891082	0.703200	-1.764920	-0.246030	-0.618230	0.079260	0.051490	1.084829	0.827770	0.274380	-1.707010	0.031450	0.000000	0.419950	0.928339	0.083740	3.838620	4.401380	3.921910	1.130811
79	3.371954	2.596926	1.944016	2.658052	2.440071	0.000000	2.546319	3.023290	3.179489	2.879388	1.431045	2.388398	2.431412	2.851580	2.962004	3.196382	2.306719	2.047093	1.846773	2.871388
80	0.000000	2.289314	2.069342	4.705780	4.575440	5.641850	2.054834	2.975560	2.332283	2.214368	2.029725	2.023733	2.133296	2.138497	1.921538	1.804028	1.862998	1.944487	1.909992	2.085945
81	0.844710	0.434760	0.301380	0.492210	0.186640	5.087030	0.385990	0.468670	0.559960	0.207530	-0.072290	0.000000	0.443300	0.330870	0.895860	0.610310	0.408070	0.151430	0.040450	0.601580
82	-0.217670	-0.310740	-0.139510	0.131900	-0.057540	-0.998350	-0.390720	0.056190	-0.129330	-0.022380	-0.260610	-0.095750	-0.426120	0.016510	-0.486330	0.000000	-0.319890	-0.403640	-0.603590	0.024880
83	1.078290	0.287460	-1.377340	0.000000	-0.519650	-0.725250	-0.083920	0.438960	1.059180	0.352800	-1.610590	-0.190460	-0.127520	0.311380	0.916880	1.068900	-0.839800	-0.640170	-1.145830	0.382420
84	1.100157	1.075368	0.471430	1.069687	0.896502	2.404149	0.075020	0.935834	1.034010	1.007004	-0.003570	0.000000	1.054598	0.928825	1.491692	1.491477	0.383120	-2.005920	-0.431950	0.643710
85	0.354300	-0.512360	-1.967970	-0.839800	-1.258760	-1.413980	-0.998320	-0.797460	0.438500	-0.834520	-1.714880	-1.814620	-0.407200	-0.618040	0.317620	0.000000	-0.791170	-1.108060	-1.186190	-0.272000
86	2.504734	1.645158	0.699990	0.000000	-0.657640	4.331270	1.350242	0.782970	2.018300	1.174240	0.967980	0.999880	0.986490	0.781710	1.323216	1.854069	2.135763	1.286960	1.175200	1.937574
87	0.747680	0.174590	-0.587610	0.033200	-0.464340	0.267640	-0.141630	0.103480	0.499050	0.110680	-0.917720	-0.438240	0.107270	0.000000	0.579400	0.377400	0.110410	0.189740	0.223820	0.670910
88	0.951110	0.234880	-0.132860	-0.420850	-0.950410	2.406345	1.025300	0.000000	0.628350	-0.424370	-0.003120	0.741700	0.755030	0.721900	1.386920	1.324290	0.794350	0.480050	0.180690	1.186810
89	1.490073	1.032390	-0.241380	1.248073	0.414440	0.674010	0.109230	0.709770	1.297374	0.655000	-0.793960	0.000000	0.823470	0.680590	1.410357	0.946750	0.250650	-0.796500	-0.331700	0.478570
90	5.158130	3.452121	3.840617	4.348856	9.659550	0.000000	10.411940	4.726320	4.150505	3.829832	5.292080	10.140240	6.401960	8.093880	7.343940	5.963040	14.986180	10.553070	8.259310	61.521780
91	0.000000	1.337701	0.186270	1.951030	1.270366	2.028427	1.474133	2.709640	1.163743	1.840212	1.177895	0.600480	1.990085	0.956180	0.235410	1.133672	2.222407	1.153765	1.100398	1.379867
92	1.730752	0.772030	0.198620	0.000000	0.404860	2.441758	0.785240	0.981610	1.232533	0.314890	0.027380	0.165390	1.083900	0.861890	2.283176	1.849993	5.280080	4.568370	4.016520	1.333811
93	4.195360	3.267590	1.024441	2.445518	1.196281	6.219640	2.551966	3.387630	3.747960	2.799530	1.165258	2.179417	2.869848	2.775250	3.286050	3.208230	2.660459	1.121693	0.000000	3.004010
94	1.226901	0.799940	-0.107720	0.561610	0.176260	0.025900	0.012070	0.763230	0.822160	0.341720	0.312660	0.000000	0.357260	0.212420	0.860280	0.611470	0.664560	0.452850	0.414650	0.715830
95	0.941646	0.313750	-1.029110	0.176040	0.158940	3.536460	-0.485700	0.000000	0.581990	0.111590	-1.052880	-0.791490	-0.035720	-0.118840	0.854700	0.321030	-0.317900	-0.942240	-0.936020	-0.002200
96	1.030460	0.814650	0.808990	1.051031	0.945930	0.000000	0.720830	1.018958	1.063989	1.070845	0.740350	0.712960	0.982916	0.885501	1.083272	1.073754	0.958583	0.754720	0.654280	1.257520
97	0.283140	0.311810	-0.360390	0.068170	-0.153750	0.269700	-0.646770	0.376090	0.283730	0.067270	-0.700210	-0.145840	0.000000	-0.263470	-0.023490	-0.002450	-0.653120	-0.893410	-0.841730	0.286890
98	0.000000	3.223430	3.466990	5.118250	4.897650	6.628780	3.273030	4.192540	3.110560	3.357340	3.319200	3.345750	3.365940	3.097140	2.760929	2.927900	3.445470	3.238950	2.990250	3.251390
99	0.992510	0.409870	-1.012700	0.038330	-1.121680	-0.515420	-0.285500	0.255300	0.913560	0.282490	-1.017290	-0.438180	0.000000	-0.111620	0.632640	0.460910	-0.684800	-1.067370	-0.889860	0.151940
100	2.847523	2.008784	0.438890	0.708470	0.000000	4.880790	1.217918	1.116981	1.998137	1.337522	0.272030	0.469060	1.685528	0.686610	1.871275	0.212080	1.019994	1.136582	1.023491	1.390524
101	0.000000	0.260450	12.106290	7.117080	10.496650	-1.412440	4.959570	6.602540	2.375667	3.694790	3.941860	6.103350	3.229655	5.227650	5.721550	6.716050	14.178400	12.082850	9.435090	70.632800
102	1.588577	0.000000	4.029190	1.332019	2.780043	8.668360	1.014110	0.142360	0.274280	0.015080	1.280646	0.551930	4.391360	3.152140	4.890420	3.628710	18.070040	12.005080	12.372340	26.301140
103	4.871200	3.331682	-0.786470	0.000000	-1.401600	4.468545	7.081170	2.653230	4.436125	2.596440	-0.930070	3.566715	4.284188	3.059164	5.464540	4.032453	20.566040	15.266240	11.813710	7.725320
104	0.056730	-0.617080	-1.490670	-0.210090	-1.033870	-1.896530	-1.305910	0.000000	-0.471330	-0.342160	-1.691210	-1.258780	-0.912850	-0.934630	-0.074080	-0.368200	-0.811820	0.083900	-1.450480	-0.755580
105	4.777860	3.026127	0.000000	1.041100	0.753360	7.291810	2.147500	2.862382	3.797188	2.443360	-0.520460	2.191152	2.590731	2.655682	2.813143	3.375260	2.052080	2.222838	1.036020	2.710259
106	1.791234	0.309870	-0.257060	-0.010260	-0.349760	1.331220	-0.816310	0.585940	0.452110	0.117150	-0.678470	-1.026470	-0.578540	-0.569400	0.000000	-0.018590	-0.881890	-1.094590	-1.223360	0.218910
107	5.270200	4.032630	1.567400	3.151169	2.680247	5.902200	3.058762	2.876271	4.041590	3.580640	0.982820	2.586406	4.861120	3.101812	6.066950	4.524650	0.974790	0.000000	-0.287730	3.037463
108	1.925913	1.177995	2.028576	2.560152	2.358094	0.000000	0.332130	2.325843	1.120597	1.847925	1.374055	1.507992	1.030010	1.964619	0.618220	1.481213	2.439378	0.517880	0.284130	1.310237
109	0.258970	-0.182680	-0.251940	-0.009190	-0.198090	-1.950350	-0.193050	0.000000	0.096300	0.349160	-0.528510	-0.118690	-1.046930	-0.561880	-0.652310	-0.170540	-0.303850	-0.635540	-0.865190	0.205030
110	0.000000	-1.136210	1.121280	2.120214	6.450970	-1.978570	1.525605	3.176887	-0.702610	-0.509330	0.140290	1.004560	-0.077320	0.074230	1.753499	1.448560	3.057606	0.965270	0.462530	4.252200
111	3.229831	1.620610	0.597220	1.243680	2.394540	3.329128	12.660100	0.000000	1.836030	0.533170	3.224407	10.936600	6.874710	5.485240	4.325090	2.793085	32.042200	16.017700	15.109700	30.923800
112	0.957090	-0.471100	-0.627380	-0.829030	1.038960	0.687050	-0.767910	-0.267810	0.000000	-0.345370	-0.759980	-1.152330	0.657060	0.357160	0.552120	0.426150	-0.742380	-1.114030	-1.510780	-0.160880
113	0.000000	7.624570	27.076970	22.406570	27.386670	15.361370	42.031670	21.479570	12.316690	12.552010	23.619070	27.521170	24.508870	25.814170	20.447770	21.267670	59.217970	49.253270	46.143570	46.108970
114	2.098840	0.455170	6.681650	3.784311	6.131800	4.703890	14.855490	1.704670	0.000000	1.318570	3.872484	8.151430	7.923830	6.488670	9.216910	7.825660	45.259390	38.722390	28.760990	56.382790
115	4.918160	2.900358	-0.280020	1.052630	0.930120	0.000000	4.027040	3.598009	4.529940	2.675893	3.566080	4.925280	3.511784	3.645723	5.067960	3.730907	28.481180	15.649380	10.674000	19.355880
116	6.538130	4.888700	0.113480	1.439670	0.000000	6.911500	6.017020	3.849800	5.674940	3.878150	0.019190	2.544753	5.394990	3.776755	6.448900	4.044400	6.503400	5.846160	1.924734	3.686898
117	3.019204	2.082323	-0.405270	0.000000	-0.082720	4.951120	0.742590	1.856574	2.529260	1.678420	-0.126050	-0.118720	2.161165	1.231360	4.595650	2.575221	4.004500	3.974000	2.950346	3.446828
118	1.180700	1.422500	-0.931510	1.080000	1.227940	3.249873	1.334430	1.620530	1.709680	1.098280	0.037580	0.783830	1.370630	1.353230	0.000000	0.194670	2.753975	1.907580	0.781100	2.157640
119	0.699380	0.710190	0.218820	0.736250	0.494990	-0.376890	-0.297890	0.755050	0.777940	0.626210	-0.298480	0.000000	0.920740	0.449570	1.107908	0.695610	0.129110	0.230680	-0.264960	0.058270
120	1.120260	0.955410	0.283610	2.380545	1.686424	1.465567	0.441090	2.351720	1.090532	1.245250	0.243130	0.338650	1.101867	0.685050	1.307123	0.000000	0.787430	0.318500	-0.132150	0.966580
121	0.000000	2.782743	2.085863	3.579601	3.913650	7.024030	1.943639	3.433108	2.530361	2.600223	1.567270	1.751724	2.530373	2.495299	2.527293	1.765791	1.600170	1.867461	1.732681	2.466462
122	0.675240	-0.502050	-0.969400	-0.722260	-1.040690	2.559417	-0.544640	0.168860	0.530300	0.010390	-1.175950	-0.588100	-0.439030	-0.609170	0.000000	0.076600	-0.456260	-0.535330	-0.514580	0.445300
123	4.147750	2.566030	0.220390	0.000000	-0.795370	1.402600	1.946498	1.695560	3.532946	1.514010	0.077310	0.308220	2.167211	1.312650	3.415570	2.511562	-0.401430	-0.413680	-0.990500	1.667150
124	3.855730	3.061493	2.163952	1.081530	0.000000	5.453920	4.367620	3.676930	4.205130	2.539594	0.993630	3.850010	4.745030	3.052964	5.278850	3.348239	9.382210	6.270120	8.176280	7.422920
125	0.000000	5.214940	17.134850	11.947900	16.473350	12.102440	17.625650	13.237250	9.508130	8.630550	13.926850	17.975850	19.787150	18.849650	15.152250	14.110250	35.699550	33.700150	30.505250	94.183750
126	4.367470	3.485000	0.000000	1.908413	1.567369	5.730260	6.188290	2.870256	4.118580	2.387358	-0.216360	1.271772	4.653100	2.686658	5.539690	2.774232	9.055650	6.141830	1.744100	1.563836
127	6.794630	5.034790	3.079776	3.950830	2.754301	7.301510	4.980290	5.166770	6.378360	5.002100	1.126810	4.101340	6.393400	4.739710	6.849860	5.172810	2.310970	0.000000	1.005820	3.691887
128	0.000000	4.886390	10.455200	14.110080	16.044480	16.640380	9.546860	15.297980	8.740090	7.760860	6.809850	9.301670	10.506900	9.642420	11.866490	11.752480	16.753480	15.742380	15.427080	54.498980
129	3.008100	1.437361	0.133540	-0.344290	0.209470	3.751040	-0.245450	0.446150	1.079221	1.350943	-0.107430	0.465590	1.137492	0.523320	0.999713	0.000000	0.116640	0.344410	0.418430	0.506840
130	0.000000	6.356780	31.660330	21.332530	22.768030	10.411590	16.500030	20.209630	10.049030	12.724630	29.712530	15.422130	15.155630	14.772430	14.674230	28.728230	86.860530	68.296430	62.386430	84.890130
131	1.163102	0.693920	-1.019110	0.000000	-0.614990	4.301870	-0.435840	0.172160	0.686660	0.412580	-1.041990	-0.482520	0.501490	-0.319420	0.494810	0.428690	-0.828540	-0.344880	-0.395860	-0.114000
132	1.610400	1.191253	-0.200310	0.800060	0.000000	0.646180	-0.049480	0.848320	1.383848	0.997776	-0.115810	-0.023720	0.634930	0.308180	1.047932	1.122659	-0.001610	0.055360	-0.029420	0.796000
133	1.643836	0.841430	-0.251300	2.291831	1.082647	2.262268	0.422730	3.518440	1.802150	1.306880	0.000000	0.567340	0.996647	0.593550	1.497039	1.197503	0.506690	0.134060	-0.273430	1.787777
134	1.488477	1.228827	1.054713	1.477317	1.371335	0.000000	1.213333	1.473382	1.463181	1.512399	0.975380	1.096089	1.235326	1.266850	1.378639	1.451422	1.097927	1.087117	1.049384	1.580622
135	1.377846	1.250959	0.743100	1.033730	0.966240	1.264752	0.772900	1.601292	1.310325	1.142806	0.004120	0.697580	0.890120	0.864840	-0.621140	0.000000	0.252020	0.675720	0.391300	1.190417
136	0.000000	3.036620	3.284530	4.307720	4.193060	7.751110	3.017920	4.272690	3.403380	2.998880	2.965100	3.111970	3.267140	3.216070	3.357880	2.973140	2.903900	3.128050	3.086740	3.305420
137	0.941340	-0.086850	-0.322530	-0.052400	-0.302220	0.744600	-0.135520	-0.322320	0.000000	0.432570	-0.774230	-0.229960	-0.759250	-0.289820	0.447070	0.000450	0.199790	0.155990	0.051980	0.249150
138	2.007496	1.511547	0.254960	1.029552	0.472240	0.769180	1.297666	0.893910	1.747737	1.424604	-0.084210	0.717920	1.676120	1.326468	2.834667	1.892705	0.370660	0.000000	-0.633890	1.062489
139	4.222450	2.485667	0.477810	-0.004310	0.000000	4.614130	1.873808	1.763932	2.943906	2.051701	0.330220	1.323142	1.990912	1.815094	2.459028	2.489723	2.343930	4.735630	1.619288	2.632164
140	3.477890	1.841920	11.785280	6.547080	6.070960	4.271071	11.209590	2.175440	0.000000	3.572391	8.942050	9.396040	12.608840	13.983670	9.330640	11.560080	18.463870	12.106630	10.179680	27.776070
141	1.801141	0.000000	1.119165	1.137465	1.785809	5.604060	1.368814	0.336650	1.005930	1.154560	-0.377830	1.384590	2.077788	0.953550	4.730900	3.730720	7.293830	6.181710	9.573840	3.855160
142	5.160040	4.176440	-0.220000	1.759410	0.000000	3.533520	4.066311	3.429558	4.756190	3.694641	-0.053160	4.176000	5.116340	4.133590	5.279670	3.085719	14.439560	7.155680	4.224750	6.942470
143	3.478290	2.159846	0.040580	0.000000	-0.797980	6.912290	1.186570	1.966066	3.332323	1.505357	0.472770	1.017850	3.006562	1.816839	3.722080	1.452030	3.316545	3.776390	2.942147	18.713270
144	1.504443	0.744850	0.599110	0.453390	-0.353630	2.812112	1.785044	1.130710	0.914420	0.473480	-0.635490	0.830560	2.099590	0.000000	2.372356	0.524570	-0.296770	0.298730	-0.133650	0.218500
145	0.000000	4.520660	5.841420	6.034930	5.788210	8.783640	5.729800	4.442320	2.984690	4.090870	5.709180	7.199570	8.212930	7.085590	7.247000	9.164980	12.213120	11.230530	11.001700	12.813820
146	0.361650	0.308050	0.311150	0.851310	0.845220	-0.459750	0.498500	1.504548	0.423220	0.549540	0.463270	0.502970	0.000000	0.504930	0.202190	0.490960	0.572090	0.508750	0.407040	0.577180
147	0.462160	0.253140	1.715705	1.758983	1.485724	0.484690	0.000000	0.506760	0.700400	0.488130	0.662490	0.721140	0.990517	1.196775	1.187616	1.046163	1.324973	0.881761	0.154040	1.437286