SITE	GLY	ALA	LEU	VAL	ILE	PRO	ARG	THR	SER	CYS	MET	LYS	GLU	GLN	ASP	ASN	TRP	TYR	PHE	HIS
168	0.000000	0.269200	1.164300	0.945500	1.271700	0.649000	0.893900	0.932100	0.805900	0.883500	1.040100	0.945900	1.103100	1.009300	0.933500	0.966900	0.931600	1.061300	1.067700	1.067300
169	-0.056400	-0.430000	-0.567100	1.081100	1.570500	2.180000	0.322400	0.733500	0.000000	-0.513500	-0.430800	0.187500	1.029100	0.935800	1.114000	-0.978900	0.552200	0.535900	0.367900	-0.767000
170	0.226200	0.000000	0.449000	0.582600	0.268400	1.362300	-0.339100	0.653700	0.060000	0.126500	0.031000	0.036000	0.182500	0.087500	0.250500	-0.025200	-0.076300	0.419200	0.404600	0.452900
171	-0.249600	0.203100	0.049100	1.413100	2.926100	4.786900	-0.092900	1.185800	0.457000	0.135100	0.000000	-0.212100	-0.001000	-0.045400	-0.012300	-0.177500	-0.118600	-0.209300	-0.277100	-0.142600
172	0.000000	2.032700	1.187500	3.612500	3.504400	4.561800	1.695800	2.096000	1.787100	1.486200	1.164700	1.355600	1.404000	1.829700	1.276000	0.639100	0.886800	1.345100	0.822200	3.015900
173	0.619900	0.123500	-0.295800	0.958100	0.611800	4.984400	-0.126400	0.309600	0.217200	0.292400	-0.357700	-0.158300	0.000000	0.111700	0.149700	0.153900	-0.004900	-0.245300	-0.299900	0.417100
174	1.883600	1.618000	1.442700	1.954900	2.949400	0.000000	2.518100	3.097300	2.773500	1.858700	0.827400	2.686700	2.608500	2.584400	2.761300	2.742700	2.275400	1.363500	0.916900	2.817900
175	1.391800	0.873000	0.181600	0.979200	0.165800	0.219100	0.165200	-0.050000	0.382600	0.446800	-0.078900	0.149500	0.869600	0.136100	0.000000	0.937900	2.086100	1.227500	0.634800	1.924500
176	-0.000400	-0.361900	-0.080600	0.095100	-0.042000	-1.216700	-0.121200	0.130000	0.082900	-0.024100	0.002800	-0.126800	-0.091100	-0.189200	0.325300	0.137300	0.181700	0.000000	0.060500	0.311200
177	0.217100	-0.073000	-0.245800	0.017200	-0.184000	2.774300	-0.116500	-0.379600	-0.093100	-0.068300	-0.232400	-0.300800	0.000000	0.074700	-0.145300	-0.103000	-0.041600	-0.260500	-0.328500	0.206300
178	2.691400	1.892300	-0.187800	0.000000	0.058900	4.194400	1.255900	0.921600	2.778900	1.249900	-0.849200	1.002900	1.680700	0.792400	3.027700	1.865400	8.366200	8.155300	3.315400	4.283200
179	1.478100	0.532500	-0.271100	0.015900	-0.411000	-0.756500	0.240000	0.357600	0.415700	0.498600	-0.475900	-0.075400	0.100900	-0.073500	0.000000	0.156700	-0.447500	0.260800	0.353500	0.714700
180	1.025600	0.495700	0.433100	0.979200	0.862000	-1.040100	0.739400	1.037900	0.384900	1.081600	0.345100	0.588800	0.000000	0.027000	0.523900	0.476700	1.201600	1.057700	1.004400	1.271100
181	-0.235600	-0.860000	-0.863300	-0.022800	-0.333200	-0.504400	-0.842600	-1.400700	-1.142300	-0.204800	-0.977100	-0.910000	-0.560700	-1.012400	0.000000	-0.935700	-0.156000	-0.322100	-0.313800	-0.591600
182	3.420700	2.526300	0.649900	1.148000	0.000000	1.828500	2.066000	1.861600	2.608500	1.261800	-0.633500	1.781700	3.292900	2.356200	2.561400	1.985000	0.678200	1.099400	0.776200	1.643300
183	6.015300	5.251300	2.353500	5.487400	4.849400	6.688100	5.309700	4.239500	5.142600	5.012300	1.937100	4.718200	6.408300	5.691500	6.617200	4.730600	5.445400	1.431500	0.000000	4.680100
184	0.945600	0.356900	0.040600	0.480600	0.129700	0.737200	0.000000	0.363400	0.315500	0.267000	0.000000	0.102500	0.543000	0.307300	0.652100	-0.043900	0.522600	-0.438800	-0.280300	-0.008200
185	1.094000	0.486300	-0.451300	0.465400	0.131800	-0.789100	-0.449500	0.730000	1.235900	0.764900	-0.660200	0.000000	-0.136100	0.102700	1.349400	0.898300	0.774100	-0.016200	-0.152900	0.917200
186	-2.117500	1.032700	0.289000	2.386500	1.891900	5.207500	-0.254300	2.534400	1.122900	1.211600	0.474500	0.000000	1.193800	0.331300	2.154300	0.035400	2.428100	0.627800	0.131600	0.735500
187	1.788500	1.142400	0.115200	0.462000	0.268200	11.103000	0.000000	1.174500	1.535000	0.604800	0.301100	-0.346100	1.337400	0.452900	1.889400	-0.160900	1.445300	0.467300	0.288800	0.634600
188	4.899500	4.037100	0.000000	2.644800	1.541600	4.606200	3.152500	3.321600	4.379300	2.915500	0.218000	2.609300	3.218700	1.306800	3.661300	3.443600	3.648300	3.830300	3.873200	4.654400
189	1.834800	0.678500	-0.432700	-0.036600	-0.818100	2.176200	0.376400	0.000000	1.136400	0.394700	-0.425200	-0.441400	1.083500	0.368600	0.829800	-0.924900	1.001800	-0.384800	-0.925300	0.519900
190	2.518500	2.299500	0.127400	1.253900	0.000000	3.266100	1.305000	1.858400	2.468100	1.590600	-0.429800	0.976400	1.408900	1.324200	2.444200	1.710700	1.287800	1.546200	0.200600	1.328000
191	4.519900	3.406000	0.473000	1.697500	0.263100	6.297000	2.305200	3.244800	4.450400	3.220100	0.000000	1.675200	2.998000	2.714500	3.751800	2.897400	1.584700	0.616600	0.057000	2.553600
192	1.104100	-0.327800	-0.047300	-0.449300	0.029800	0.448700	-1.381400	-0.150800	0.266600	-0.349300	-1.654500	-1.330700	-0.621100	-1.396900	0.000000	-0.632000	1.099000	0.055600	-0.038300	-0.068200
193	2.578800	1.742200	0.000000	1.978300	0.475600	4.417700	1.018100	2.053400	2.132400	1.693800	-0.235200	0.449600	1.232300	0.905300	1.545800	1.656900	0.536300	0.377000	0.087300	1.830400
194	1.260700	0.535900	-0.689000	0.643000	-0.308900	-1.567600	0.552800	1.980700	1.191800	0.459100	-0.717000	0.150400	-0.133300	0.181300	1.420600	0.472600	-0.769000	-1.859000	-1.389500	0.000000
195	3.684200	2.631300	1.684800	2.225000	1.634000	0.000000	9.769900	3.721900	3.849900	2.779100	0.887600	5.337300	2.426100	2.989500	2.946100	2.833100	9.848700	5.325600	3.468000	3.184800
196	0.000000	3.248800	9.764900	10.005400	9.460700	9.018100	16.285500	7.606800	5.000700	6.516000	9.093400	0.000000	0.000000	3.248800	9.764900	10.005400	9.460700	9.018100	16.285500	7.606800
197	1.321400	0.000000	-1.555900	0.053000	-0.157900	2.864000	-0.266700	1.509900	0.820500	0.649300	-1.290800	-0.983900	0.427700	0.452700	0.932300	0.984400	0.443400	-0.532300	-1.671000	0.880800
198	0.000000	2.397200	3.291000	5.055600	6.721100	6.431500	3.656100	6.636600	3.701900	3.004700	3.105800	3.576700	3.473200	3.588400	3.115000	3.535200	3.433900	2.970900	2.794100	3.958000
199	1.700900	0.553000	-1.449900	0.023100	0.060000	-0.432000	-0.281900	0.185300	1.702200	0.931300	-0.792200	0.000000	0.017800	0.473700	2.070600	1.538200	7.316600	1.031600	2.341600	2.352100
200	2.291000	1.490400	-0.143100	0.780500	0.072300	2.126400	2.803600	0.000000	0.732800	0.949000	0.350100	1.294200	1.658200	1.647200	2.321300	2.006600	4.277300	5.105800	2.597900	3.534200
201	1.012900	0.878100	-0.678000	0.436600	0.123300	1.129000	-0.696600	0.809700	1.032100	0.390100	-0.462400	0.000000	0.698500	-0.011200	0.948500	0.371200	0.314900	0.368100	0.308700	1.182800
202	0.556600	0.679100	-0.624400	-0.252300	-0.303800	2.020600	0.000000	0.262100	0.033800	0.678400	-0.714500	-0.515900	0.175100	0.834000	2.504800	0.648800	0.544300	-0.759100	-1.296700	1.360000
203	2.847500	1.846200	0.055800	1.142400	0.000000	5.621800	1.497200	1.734300	2.755400	2.409700	0.306700	1.122500	1.989000	1.230000	2.194400	1.960000	1.120100	0.478400	0.270800	2.364400
204	4.945100	3.760400	0.000000	3.249700	2.806000	11.604700	4.874800	4.088600	4.598400	3.313600	0.143200	3.189400	5.328800	2.585300	5.979100	3.586400	13.435400	5.828500	4.541400	4.350800
205	4.218500	3.107400	2.203600	2.560200	4.214200	0.000000	5.473100	4.445600	4.210600	3.578100	2.634700	4.940200	4.669000	4.292100	4.396700	4.411100	7.951700	8.541800	7.298900	8.039100
206	1.220900	-0.026500	2.251800	2.745600	3.419100	3.670300	3.200700	2.816400	0.000000	1.429000	0.929100	2.876900	2.913800	3.434000	6.340000	4.794900	13.512300	15.195900	12.903400	26.888960
207	5.580600	3.757500	0.533500	1.324700	0.000000	5.324400	3.941300	2.735100	4.228000	3.686700	1.721400	3.896900	5.371400	4.108600	5.441100	4.535600	9.351700	0.610700	0.202900	3.371000
208	4.929500	2.571400	-0.519400	0.000000	-0.756300	5.176300	11.132400	2.521600	3.548000	2.731900	-0.244900	4.864500	3.991800	2.749700	4.858900	3.568200	18.908900	11.309300	7.966000	6.845800
209	1.440100	0.594900	-0.483600	0.284900	-0.558500	3.858400	0.000000	0.542200	0.800900	0.922500	-1.006600	-0.288400	0.258900	-0.092600	1.119800	0.135800	-0.434800	0.069600	0.045300	0.766700
210	0.499400	-0.964700	-1.915700	0.119600	-0.452900	2.828200	0.023300	-0.916100	0.453300	-0.361700	-1.853800	-0.549600	0.000000	-0.537200	-0.512500	-0.420000	-0.358700	-1.125300	-1.605100	0.576700
211	2.212800	0.000000	5.209700	1.846400	1.447800	6.354500	8.379600	1.640900	0.686600	1.463700	2.659600	6.775200	8.500500	5.266800	3.913600	6.515600	13.863000	16.643900	18.842900	44.295600
212	3.559200	2.449400	0.000000	1.735600	0.281200	5.919800	2.352800	2.279100	2.569900	2.467600	-0.443600	2.228300	3.277300	2.658300	3.970700	2.759000	1.225300	2.065100	1.850400	3.101700
213	0.591000	-0.107000	0.000000	0.363600	0.009500	1.314500	-0.416200	0.009200	-0.072600	0.463700	-0.279700	-0.057000	0.244200	-0.269400	0.718700	0.071200	0.019200	-0.152500	-0.277900	-0.046600
214	1.492500	1.362800	0.070500	2.181900	1.356700	4.709800	0.000000	2.542700	1.264100	1.762200	0.011000	0.807000	2.059400	0.963200	2.574800	0.707800	-0.476700	-0.257600	-0.282000	-0.310200
215	0.029100	2.040900	1.207700	3.014700	3.912700	6.507000	0.000000	3.688500	1.444700	1.599800	1.078000	-0.451600	1.625000	0.896800	1.721800	0.640300	1.499700	1.119400	1.093500	0.532200
216	3.900400	2.346800	0.000000	0.679900	-0.425500	7.284400	1.112200	2.321300	3.207700	2.128500	-0.220500	0.641400	2.637000	1.742200	3.340200	2.762700	1.670400	0.923800	0.617900	2.409400
217	1.495800	0.916600	-1.354400	0.147300	-0.576100	-0.679200	0.000000	0.525900	1.049900	0.230700	-1.437000	-0.500500	0.385500	0.134100	0.687200	0.561000	-1.284200	-0.930200	0.170100	0.967300
218	3.803300	2.023600	-2.016300	-1.135200	-0.533000	10.250900	6.418400	0.000000	2.328000	1.179300	-1.862700	2.728000	3.434200	1.847300	3.998600	2.541700	10.503900	7.303300	2.658800	3.166900
219	6.624800	4.432800	0.000000	3.773600	3.017100	11.855000	10.215400	6.350000	5.888000	3.573500	0.710900	6.504500	3.754400	3.242700	5.360400	3.515800	19.474500	18.608500	8.139200	5.395700
220	7.045000	4.914100	0.077400	1.228000	0.000000	6.535900	9.118900	3.801000	6.046400	3.972600	1.016800	5.743300	5.835000	4.409800	6.561600	4.904500	14.004400	7.862100	4.924100	9.082400
221	5.454400	3.508700	0.000000	2.702000	1.827500	7.128200	10.468700	4.007800	5.140100	2.986100	0.572600	5.001900	5.095300	3.266600	5.167900	4.371800	16.037500	13.428000	8.306600	31.050360
222	1.703300	0.000000	6.626200	1.277500	3.843900	3.406400	17.140200	1.557300	1.530700	0.888700	4.210200	8.736600	6.392500	5.375800	4.001800	3.335300	22.609050	15.559100	11.337700	50.920700
223	4.347800	2.223400	5.662100	3.712900	4.753400	0.000000	10.313500	6.820400	5.028700	3.421100	5.595800	5.943100	8.927800	7.996400	8.473100	7.263900	18.300000	20.957010	17.928800	75.210400
224	4.219000	3.857300	2.242400	1.718600	2.823400	5.608600	2.959000	0.000000	2.224500	2.597500	2.478300	2.913300	1.706700	2.786100	1.701400	2.565300	1.728000	0.422300	1.421500	3.468200
225	1.837100	0.230800	-1.609500	-0.746800	-0.233800	-1.494100	0.000000	-0.071100	0.832000	0.413000	-1.589500	-0.531200	-1.071400	-0.458200	0.059500	0.475600	-0.812100	-0.959800	-1.270300	-0.088300
226	3.568800	1.814700	0.388100	0.000000	1.342700	0.610300	11.124600	2.907000	3.860300	2.093900	2.893600	5.812300	2.656700	2.780100	0.678000	3.584800	8.187900	8.391800	3.949300	4.631100
227	3.174700	1.683800	1.159700	0.000000	-0.049100	1.850000	4.009900	0.357500	1.711000	2.314100	0.695900	0.700200	6.506100	1.443800	4.577200	2.254600	11.797300	6.432000	5.028100	8.081500
228	1.852000	0.000000	0.837200	0.492900	-0.039100	5.473600	7.852300	1.245000	0.717700	1.028300	1.829700	6.348400	2.984100	3.704000	2.889100	2.198600	22.564020	11.691600	4.604600	14.370900
229	1.550500	0.000000	-1.132300	0.272100	0.132000	4.419900	-1.224100	-0.104300	0.430600	0.374300	-1.434100	-1.190100	0.705400	-0.343200	1.438100	-0.206600	-0.274900	-0.248400	-1.088900	0.324700
230	4.284300	2.904700	2.997000	2.092000	1.896100	4.969600	5.115400	3.775200	3.477700	3.383300	2.119500	5.362100	0.000000	3.181900	1.569000	2.347500	11.849900	16.812400	9.871900	7.358400
231	4.897600	3.019000	0.635600	3.926000	3.015100	6.514500	5.952000	4.202900	4.063500	3.364800	0.000000	2.098600	5.882700	3.671700	7.784700	3.872600	8.959100	3.783500	1.911900	4.346600
232	0.561500	-0.617800	-1.812600	-0.346200	-0.108200	4.614500	-0.710800	1.521200	-0.333800	-0.111400	-1.644400	-1.026100	0.000000	-0.409000	0.525500	0.057900	-0.994300	-1.440500	-1.606800	-0.183500
233	-0.995500	-0.885000	-0.957600	-0.575900	-1.133900	-0.260000	-0.480500	-1.508000	-1.464400	-0.227400	-1.506400	-0.262400	0.000000	-0.801900	0.589300	-0.195900	0.077700	0.030800	-0.465800	-0.250000
234	0.932000	0.000000	4.881000	2.733100	4.186900	2.506500	7.235300	3.581200	-0.006400	0.548400	3.289200	3.711800	6.974700	4.087200	7.368800	5.740500	10.316100	14.816700	12.243900	22.383320
235	5.492600	4.397800	0.000000	5.318500	2.474500	6.655800	8.976900	2.333500	5.479600	3.807800	1.432100	3.176900	5.901600	4.514000	6.180900	3.162300	18.492700	13.972600	6.869400	5.215700
236	0.758900	0.652000	1.172700	1.304000	1.451700	2.329800	0.000000	1.088900	0.680200	0.792800	1.050200	-0.035400	1.238300	0.748400	1.443800	0.726300	1.226100	0.965900	0.959300	0.976500
237	0.000000	3.465000	3.575800	4.356200	4.103400	6.815400	3.329900	4.422300	3.649100	3.532500	3.600600	3.505800	3.588200	3.332700	3.634300	3.530500	3.156400	3.477100	3.450300	3.627500
238	3.566200	2.313600	0.000000	0.961700	0.293000	4.503300	2.303500	3.425200	2.817800	2.400000	-0.066800	2.363800	2.622500	3.070100	3.449800	1.696800	0.993100	1.561400	1.225400	3.960400
239	1.640400	1.047200	0.804000	1.758300	1.373700	0.000000	0.520900	1.972400	1.635900	1.164400	-0.061600	0.813600	1.773100	1.231200	1.206300	1.343000	1.114500	1.218400	1.318400	1.437300
240	5.776500	4.448500	0.057400	1.218800	0.000000	6.495300	7.488500	2.602100	5.142300	3.577000	0.738300	6.229200	4.386000	3.461000	6.662600	4.829700	12.266400	8.567900	4.770600	6.101500
241	2.440200	1.689700	0.638300	3.252900	2.525400	7.984300	0.000000	3.148800	2.616600	1.622300	1.083100	0.769200	3.466100	1.117100	3.436100	0.125300	1.773800	0.969700	0.470000	2.003300
242	4.911800	3.916400	0.153800	2.527900	2.536400	3.265300	2.778200	3.687400	4.584800	2.845800	0.234800	1.174800	4.921700	3.175300	4.740300	3.675100	-0.982700	0.000000	-1.561200	2.491100
243	0.722700	0.443100	-2.023300	-0.361200	-0.818800	3.751000	-0.369600	1.004800	0.462900	0.291000	-0.999500	-0.308000	-0.358800	0.000000	-0.029600	0.137200	0.583500	-0.530600	-0.868800	0.194300
244	2.456500	0.918100	-1.269100	-0.958800	-2.057000	2.648300	2.709800	0.000000	1.048200	0.337300	-0.321100	1.392300	-1.050500	-0.215000	0.867300	1.240900	7.121800	3.063500	1.190700	23.030420
245	1.410300	1.451300	0.889000	1.362900	1.085800	0.000000	1.430800	1.608900	1.565300	1.222400	1.230100	1.422700	0.582800	1.525800	1.081900	1.311700	1.405600	1.374200	1.409600	1.498000
246	2.113900	0.000000	2.430400	-0.197200	2.230200	1.853200	6.291700	0.405800	0.818300	0.323800	1.760100	4.446900	5.541100	4.664600	2.274000	2.488600	20.424040	18.819800	16.068700	18.294500
247	3.696500	2.302200	-0.624500	0.000000	-1.189200	4.109600	2.921500	1.926800	3.306800	1.289100	1.873000	2.311500	4.205700	2.680400	4.515000	2.086500	8.498000	6.004900	5.906200	14.976800
248	0.934000	0.737200	0.482400	0.513400	0.456200	2.284500	-0.161900	0.428600	0.742500	0.593800	0.625500	0.000000	0.666100	0.202000	0.672900	0.485800	0.434900	0.286900	0.387100	0.114100
249	0.521500	0.116000	-0.907300	-0.093300	-0.399800	1.452400	-0.254200	-0.632300	0.000000	-0.196300	-1.062200	-1.259700	0.207500	-0.294100	0.244400	0.076800	-0.783200	-0.446200	-0.109000	-0.044400
250	0.093100	-0.092500	-0.088900	-0.045100	-0.011300	-0.472500	-0.160800	-0.105300	0.008400	0.021100	-0.014000	-0.151600	-0.405000	-0.331000	0.000000	0.030900	-0.045200	-0.144900	-0.139700	-0.080900
251	0.558300	-0.149600	-1.032000	-0.452600	-0.794400	1.940400	-0.320700	-0.263200	0.327100	-0.325900	-0.715700	-0.619700	0.633100	0.141000	0.811900	0.131300	-0.403400	-0.537300	-0.868800	0.000000
252	0.053900	-0.485500	-0.645600	-0.091800	-0.539200	0.468800	-0.935500	0.000000	-0.068800	-0.031500	-1.314000	-1.040600	-0.402200	-1.140500	-0.060800	-0.103200	-0.140600	-0.299400	-0.340900	0.244600
253	0.000000	3.129300	3.237700	4.694300	4.260000	8.217000	2.501200	4.899000	3.577000	3.414200	3.292800	2.699100	3.398600	2.538300	3.612700	3.492000	3.332800	3.395000	3.328300	3.584600
254	0.796600	0.801200	0.477400	0.663400	0.371400	1.988000	0.000000	0.850000	0.894400	0.623500	0.649300	0.029400	0.668200	0.457800	0.825700	0.730400	0.701300	0.620400	0.544600	0.621500
255	1.281800	0.577800	-0.008300	0.888700	0.759700	0.161800	2.065300	1.050500	0.155200	0.950300	0.110600	1.026200	0.000000	1.498900	1.758200	1.658600	1.119900	-0.622500	-0.473300	1.690600
256	1.390700	0.958800	0.684200	0.836000	0.000000	0.121100	1.928700	1.655800	1.502100	1.017700	0.094500	1.282600	1.509100	1.564900	0.869900	0.088300	1.799700	1.315700	1.167300	1.803700
257	5.134900	3.335900	0.500100	0.000000	-0.220800	3.247200	8.975600	2.447500	4.391900	2.571300	-0.065100	4.756100	5.043200	3.790200	4.418100	3.090700	13.287000	11.761200	4.638600	3.220100
258	3.811600	2.226300	0.864100	0.336700	0.129200	4.333800	4.230500	1.469800	3.043100	1.843500	0.968900	3.243900	0.540100	2.824900	0.000000	3.130300	0.269500	0.905200	0.705300	1.407100
259	6.136400	4.095900	0.000000	1.138400	1.174800	9.304200	6.413000	2.266100	4.207000	3.409500	0.624300	3.411400	5.346000	4.114500	5.874400	3.692300	12.980300	10.980200	4.442100	4.069100
260	2.569200	1.738500	0.090100	3.733800	3.839800	4.833500	1.542000	2.145900	1.827800	1.193600	0.000000	1.909300	1.115100	1.971100	3.312100	2.190900	8.042500	9.771000	9.134500	21.878500
261	0.451500	-0.247100	-2.013300	1.217400	0.670700	-2.448900	0.595200	-0.408200	-0.660700	0.000000	-1.733800	0.229100	-2.173400	0.081000	-1.237300	-0.356700	8.458400	4.988800	2.134800	2.777700
262	-1.247100	-2.021300	-3.632800	-3.475700	-2.854800	1.061700	5.892700	-3.116500	-2.200400	-1.997800	-2.765300	-1.371200	-2.306100	-1.057300	-0.524000	-1.162800	13.574500	5.861100	0.968800	0.000000
263	0.628600	0.000000	-0.517200	0.118000	-0.203500	-0.530200	-0.496100	0.505200	0.633100	0.508800	-0.642200	-0.671500	-0.821800	-0.214600	-0.037700	0.618200	-0.054700	-0.108000	-0.251000	1.113200
264	0.466900	-0.372100	-1.214300	-0.409300	-1.094700	-1.145500	-0.620000	0.000000	-0.219500	0.622300	-1.331500	-1.022000	-0.782700	-0.936100	-0.402200	0.082600	-0.733000	-1.111700	-1.061000	-0.387200
265	6.425100	4.852600	1.370900	5.055000	3.717700	8.084700	5.533700	5.706800	5.544000	5.157900	1.373200	5.669000	5.257100	4.897100	5.820400	5.670500	2.504900	1.619300	0.000000	3.729900
266	2.669200	1.326200	-0.169400	0.470400	2.163300	3.622800	3.397200	0.000000	1.888000	1.319000	1.053000	4.873100	5.574900	3.181300	3.694400	2.058900	10.788700	13.135800	11.354800	35.837930
267	0.131000	-0.710100	-1.717100	-0.546800	-1.658000	2.902900	-0.715900	0.000000	0.338700	0.094100	-2.684100	-0.705400	-0.583900	-0.905600	0.234600	-1.333400	-2.187700	-1.817100	-2.019300	-0.462700
268	1.563200	0.231200	-0.833100	0.650600	-0.182900	3.356300	0.000000	1.502900	1.004300	0.899300	-1.456800	-0.072700	0.466600	0.299600	1.161600	0.153500	-1.043300	-0.626500	-0.855300	0.049300
269	5.981900	3.887500	0.000000	3.574900	2.393500	7.305600	5.181000	4.951200	4.548800	3.991400	0.914800	3.360100	3.748800	3.659500	4.979800	2.666300	12.784200	7.982800	8.336700	8.125000
270	3.982700	3.550600	0.000000	3.022800	1.148000	5.172400	3.658400	2.786300	3.082000	2.956600	-0.052200	2.976000	4.807900	2.941800	5.414100	2.933500	15.810400	10.124900	6.867700	2.908200
271	0.613600	0.242600	0.162500	1.088300	0.680800	4.343700	1.068600	0.664900	0.000000	0.311200	-0.253300	0.715200	0.398200	0.547100	0.393200	1.068900	1.205900	0.574500	0.732400	1.456100
272	0.522800	0.500300	0.508400	0.764000	0.580200	-0.150300	0.630800	0.700300	0.000000	0.388800	0.336000	0.415300	0.245200	0.427500	0.310700	0.375000	0.320300	0.244300	0.246300	0.527500
273	0.744600	0.740500	0.681100	0.417900	0.563900	2.552000	0.723200	0.000000	0.086600	0.403100	0.740600	0.597800	0.541800	0.271400	-0.224400	0.629100	0.893800	0.483100	0.455700	0.773200
274	0.514800	0.599400	-0.005000	0.104300	-0.049400	2.628800	0.000000	0.040500	0.486000	0.357500	-0.703400	-0.090600	-0.185600	0.059800	-0.821300	0.105600	-0.244300	-0.857900	-0.869300	0.212500
275	2.571600	1.731000	-0.084700	0.000000	-0.646300	-0.164800	3.539400	1.396700	2.123400	1.037500	0.369600	3.528700	0.661000	1.667500	1.736100	0.916000	2.218800	1.952000	2.260600	3.015300
276	2.235500	1.390300	1.143800	1.693300	1.265800	0.000000	2.588700	2.244400	2.051200	2.067000	1.306100	2.366900	1.534400	2.060700	2.095400	2.489400	1.518500	1.605700	2.082700	1.921100
277	2.019600	1.555100	1.210300	2.437300	1.986300	0.591000	1.652100	2.282900	1.525000	1.987400	0.868500	1.286700	1.268600	0.846600	0.420900	0.000000	1.352700	1.180200	0.779600	1.526700
278	6.938300	5.121800	3.819500	3.434400	3.780000	4.301500	5.812300	5.289300	5.806100	5.117800	2.281700	4.685200	4.023400	4.906000	6.184200	5.947800	-0.412300	0.000000	0.841500	3.692600
279	1.065300	0.405900	-0.184300	0.161400	0.036300	0.597800	0.048000	0.721000	0.145000	0.375800	-0.625600	-0.254100	-0.148700	0.055500	0.596100	0.000000	1.310100	-0.417200	0.233800	0.208900
280	5.868400	4.000200	0.000000	1.724600	2.092600	6.626200	7.260200	3.192000	5.241500	3.286900	0.042600	2.938500	4.513200	2.473100	4.846800	4.065700	9.312200	6.917500	2.973900	4.628400
281	5.845400	4.194000	0.389100	0.959200	0.000000	6.755600	5.727400	3.115300	3.678700	3.317600	0.540900	4.163800	3.866200	3.971700	4.742700	4.359500	9.330300	12.605300	9.602600	7.962300
282	5.672100	3.796800	-0.811500	0.000000	-1.292900	3.835100	7.246700	2.729500	4.776000	2.811300	0.505900	5.541400	4.804000	3.408800	4.852700	3.413200	11.020700	9.026000	5.940300	9.801400
283	4.600200	3.090000	1.517300	0.814900	0.085800	2.405200	6.957500	2.848200	4.389500	2.613100	0.000000	2.446500	2.804900	1.906100	5.434800	4.081400	9.545100	7.473400	9.802900	24.455810
284	1.070800	-0.495000	-3.384800	-0.946300	-1.643300	-0.447100	0.183000	0.362100	1.064600	-0.667400	-2.102100	-0.463400	-0.536500	-0.034800	0.000000	-0.754800	6.246700	1.041900	0.732600	0.066900
285	-1.904200	-1.377300	-3.226600	0.609200	0.490500	2.591000	-1.550700	2.323700	-0.895600	-2.169500	-2.252900	-2.661800	0.000000	-2.077400	0.422900	-1.284200	-0.216800	3.668400	0.382900	-1.150100
286	1.366400	0.000000	5.561900	5.959900	6.623400	8.219100	6.050600	4.054300	1.117700	3.026100	3.430200	5.628900	5.050900	0.000000	1.366400	0.000000	5.561900	5.959900	6.623400	8.219100
287	0.409900	0.123000	1.239800	0.217400	0.218800	4.652100	1.290600	-0.602700	-0.281500	-0.364100	-1.532100	1.389200	2.502200	0.110400	0.206300	0.009200	-1.515500	-2.579400	-3.619200	0.000000
288	3.438300	2.231000	1.330700	1.909500	1.603400	7.616300	1.948200	2.225900	2.854600	2.440400	1.329800	1.217100	2.788500	2.029800	2.518500	2.185700	1.403600	0.625800	0.000000	2.791100
289	-0.281100	-0.508000	-1.449800	-0.249600	-0.526000	-1.637000	-0.975800	0.000000	-0.154300	-0.352800	-1.652800	-0.889500	-0.271800	-1.225500	0.004100	-0.108400	-1.291800	-1.582000	-2.009400	-0.726000
290	5.463400	4.924600	3.284000	5.452400	5.572900	5.715600	5.399400	4.014800	4.206100	5.291400	3.371800	4.545000	1.839600	4.794100	0.000000	3.308600	4.589700	4.065300	3.815200	3.742800
291	3.448900	1.970100	2.144100	2.661900	2.846600	0.000000	2.966100	4.339000	2.790600	2.358900	1.241900	2.956400	2.716900	1.962300	4.613000	1.952000	1.700700	0.797400	0.516600	2.205200
292	1.165800	-0.382800	-2.109100	1.059100	2.591400	-0.416400	-1.243600	0.814900	0.395900	0.000000	-2.806500	-1.441400	-0.616300	-1.101400	1.191100	-0.439200	-3.179400	-2.858100	-3.312800	-1.561100
293	-0.872400	-2.442900	8.705200	0.139100	3.960800	-1.223800	13.940000	0.970100	0.000000	1.381800	2.683700	11.910400	13.813800	12.741900	5.728400	4.069200	28.153000	13.459300	14.881700	30.740081
294	3.657200	2.108700	-0.297100	0.000000	-0.657400	3.137700	4.120900	2.293700	3.217400	2.364000	2.505800	3.129600	4.952100	3.780300	5.922000	2.553900	10.390500	9.480400	4.198200	3.951000
295	2.117500	0.000000	6.622400	3.669900	6.039200	6.958700	13.710900	1.599400	1.436600	1.309700	3.076800	8.747100	9.055600	7.262900	7.172500	6.882700	20.437400	19.498300	15.385500	46.486500
296	1.940000	0.000000	2.591000	2.530100	5.095900	5.538700	20.736370	2.058300	1.075800	1.757700	5.775800	9.688200	7.821800	8.125100	6.001900	5.837000	32.422190	19.689100	19.339300	18.342700
297	5.732500	4.208200	2.708900	4.142400	3.708400	8.137100	0.000000	4.648400	4.849300	4.425800	1.769300	1.397700	5.952700	4.930900	6.444700	5.064500	16.340900	16.852200	13.934500	36.023970
298	0.000000	1.695900	8.182700	6.150800	5.672000	6.171800	15.235300	5.451600	3.557800	3.833500	4.835900	10.654300	13.059200	7.694200	8.255800	6.996200	29.658316	23.712770	19.101100	50.201700
299	4.153700	2.502900	0.624300	0.579300	1.043700	4.993000	3.706900	1.618900	3.196000	2.713400	0.006400	2.093800	3.048500	1.369700	3.492700	3.282600	-0.607600	0.000000	-0.753900	2.140500
300	4.883800	3.304100	-0.005300	1.118500	0.000000	5.582700	10.777500	3.462100	4.788900	3.145000	1.418000	5.432300	4.350800	3.883300	4.613900	4.131400	14.809900	11.605500	6.697500	6.494800
301	0.670400	-0.807400	-0.539400	-1.264800	-0.305500	2.631400	0.146100	-0.012600	0.000000	-0.319400	-1.234200	-0.331600	-1.568600	-0.513300	0.469600	0.343700	0.106600	-1.247600	-1.736900	0.617100
302	1.819600	0.798500	-2.055900	-0.954100	-1.103700	2.948100	0.232100	0.000000	0.928300	0.513300	-1.469300	-0.396600	1.024100	-0.110900	0.901400	0.694100	1.009900	-0.244200	-0.669300	0.718500
303	3.080100	1.541800	-0.696600	1.606800	0.764000	2.749300	0.000000	2.159900	2.059200	1.886600	-0.509900	-0.153700	0.056600	0.795200	2.422000	0.413900	24.288050	2.165500	-0.645400	2.134600
304	3.193800	1.690200	1.919500	0.000000	0.789400	4.718000	1.746900	1.022500	2.608800	2.224300	0.489800	1.693100	2.990900	1.631700	5.838200	3.987900	8.985500	7.249700	4.726600	10.067000
305	0.752900	0.001300	-0.597200	0.801600	0.297600	3.211000	-0.361900	0.683900	-0.089300	0.722200	-1.100200	-0.447900	0.000000	0.037800	0.650400	-0.010300	-0.934600	-0.624000	-0.221900	0.247900
306	2.458300	2.407700	0.511900	2.955400	1.844500	7.397100	2.222100	2.749800	2.198500	2.296800	0.000000	1.656400	2.883900	2.190500	3.680700	1.557100	1.766900	2.316200	2.511700	2.421200
307	0.000000	3.253200	4.765700	5.972400	5.900300	7.760200	5.086200	6.153000	4.502400	3.795900	4.600400	3.964900	4.455200	4.515800	4.831400	4.512900	5.026400	5.426300	5.299400	4.909600
308	0.836700	-0.046300	-1.944500	-0.527600	-0.769700	4.425100	-1.362400	-0.708300	-0.243300	0.003400	-1.676700	-1.338800	0.000000	-0.549600	0.237100	0.431500	-0.505800	-1.693600	-2.055700	-0.264700
309	1.465600	0.000000	1.834500	1.506600	2.562200	6.178200	10.679400	0.342900	0.053900	1.108900	0.735500	7.540300	4.621700	4.984200	8.458300	7.250300	42.755600	21.952410	23.312710	22.872250
310	1.230600	0.000000	1.696300	-0.480100	4.783200	2.241200	9.733200	1.150500	1.323300	1.359300	3.515600	5.245000	4.526800	4.319400	5.561400	3.907600	14.961800	12.073600	19.175720	48.120300
311	1.843600	0.000000	3.097600	1.508600	3.899300	6.486700	7.420900	4.178100	0.654800	0.876900	2.355200	9.975800	7.769700	6.553300	7.049300	4.966500	26.403190	18.691900	15.495700	18.324200
312	6.845800	4.929900	0.320100	1.071700	0.000000	7.607500	5.595100	3.941900	6.387600	4.146800	1.893400	3.622300	6.232600	3.322500	6.370900	5.026700	12.187600	10.011000	6.209700	3.857700
313	7.330900	5.692500	1.530100	4.034200	3.001500	8.591500	5.325300	6.363400	6.492600	4.650400	1.170200	3.347400	5.455100	3.806900	6.174200	5.307300	12.633000	0.467300	0.000000	4.203100
314	5.588300	4.546300	0.226700	3.023700	2.419300	7.149100	4.242900	4.228700	5.627500	3.753600	0.000000	1.470500	6.536400	2.988700	6.801900	2.986500	12.571700	12.903800	9.368100	10.760900
315	0.763900	0.667000	0.402500	2.491300	6.600400	0.800700	3.469400	0.000000	1.455000	0.560100	-1.117000	1.622900	3.534000	1.587900	4.567300	3.571700	17.165600	9.481100	-0.460100	2.274900
316	1.039700	0.000000	-1.596400	1.250100	1.410400	-1.134700	3.287100	1.559600	0.068300	0.410300	0.791300	1.740500	1.202700	0.404900	1.124300	2.437200	10.661600	13.185000	7.938200	25.717810
317	1.748000	0.246300	-1.796700	-1.116700	1.929700	4.019100	0.745400	0.000000	1.153500	0.381100	-1.528600	-0.628800	1.811900	0.467000	0.756200	0.506300	13.425100	10.853300	6.606000	19.408600
318	3.214700	2.459300	1.936300	2.412600	2.047100	0.000000	0.986400	3.165100	3.100600	2.749000	1.324200	1.798200	2.829400	2.114600	4.022800	3.064900	2.483100	2.462800	2.240200	2.462900
319	2.761300	1.873800	0.366200	1.343700	0.158500	0.000000	1.202200	2.191000	2.558800	1.872900	0.433700	1.671100	1.748700	1.548600	2.790000	1.716800	2.016700	2.160800	0.355400	2.208500
320	0.000000	3.743900	3.435200	4.787100	4.358300	5.613200	2.651300	4.914500	3.874200	3.728100	2.870700	3.154200	3.468900	2.988600	3.620300	3.667900	2.663100	3.436800	3.285800	3.750100
321	1.001300	0.000200	-1.098000	-0.967100	-1.136200	0.404300	-0.224300	-0.853700	0.000000	0.162700	-1.471800	-0.615100	0.339200	-0.155000	0.390800	0.194400	-0.017300	-1.055800	-1.629100	-1.055600
322	0.407500	0.274300	-0.375300	-0.029700	-0.278800	1.655400	-0.315500	0.000000	0.251500	0.109200	-0.185000	-0.641900	-0.258400	-0.332300	-0.006700	-0.069800	0.340200	-0.020100	-0.243600	0.298200
323	1.714700	1.345500	0.175500	0.955300	0.782000	1.689400	0.470900	0.914800	1.641100	1.026000	0.565300	0.496400	0.536600	0.800400	0.000000	0.731000	0.718000	0.495900	0.372800	0.872800
324	2.867500	1.716000	3.000500	2.736000	3.050400	0.000000	4.113900	2.877400	2.785100	1.214700	2.061100	2.456000	1.474800	1.774800	3.417800	2.119100	2.842800	1.962000	2.169100	14.033200
325	3.052800	2.429000	1.484700	2.379100	2.280700	4.707400	1.318300	2.545700	2.893300	2.467000	1.176900	1.727000	2.724400	1.860100	3.608500	2.988300	1.257000	-0.047600	0.000000	1.397400
326	2.093500	3.071200	1.739100	2.386000	2.158100	0.000000	1.351200	2.981800	2.411300	2.837100	0.852600	1.689200	3.565500	2.554200	2.874400	2.243800	3.132200	2.245000	1.971600	3.270300
327	0.931000	0.206700	0.094700	0.724300	0.353700	-0.900000	0.152200	0.862500	0.531300	0.664700	-0.002800	-0.062400	-0.723800	0.000000	0.353900	0.632400	0.294400	0.273800	0.265500	0.555300
328	0.498200	-0.353300	-1.174700	-1.370900	-0.068600	0.676900	2.305800	0.246400	0.000000	-0.049700	-3.562900	0.720000	0.367500	0.315000	0.863500	0.278300	12.599000	3.286000	1.140100	0.419400
329	1.161300	0.259800	-0.268100	0.119600	-0.130600	-0.015900	-0.206700	1.259400	1.317400	0.843000	-0.190900	0.073000	0.460100	0.257200	1.042300	0.000000	0.397100	0.311500	-0.081500	0.911300
330	-0.118300	-1.072200	6.288600	0.950500	2.410700	4.765100	4.500200	1.394000	0.000000	1.230400	1.069100	3.216300	5.434600	3.878200	7.249000	6.812000	26.405320	29.742775	24.363580	34.250910
331	1.389700	1.064400	1.293300	1.520800	1.541600	0.000000	0.903300	0.795900	0.716100	1.457600	1.368600	1.255700	1.523800	1.467900	1.703400	1.481300	1.320200	1.253100	1.306700	1.460800
332	3.911200	2.711600	1.557300	0.495200	0.000000	4.040800	6.470200	2.295800	4.023000	2.316600	2.794200	3.706500	3.397200	3.630300	3.732400	3.311500	21.801380	16.510700	18.745400	13.943800
333	0.601300	0.190800	-0.940800	-0.436400	-0.932800	1.749500	-0.458000	0.050000	0.645600	-0.051300	-0.549400	-0.734500	0.000000	-0.066500	0.291100	-0.052000	-0.288400	-0.876700	-1.009500	-0.012400
334	3.744900	2.880800	3.118000	3.183100	2.422500	2.513800	2.953400	3.540000	3.491100	2.337500	2.068400	2.515500	2.375500	2.883900	0.000000	2.540800	2.826000	2.980500	3.105500	3.297100
335	2.990800	1.927500	0.584200	0.695400	0.000000	7.576800	0.486400	1.932300	2.539400	1.800000	0.434000	1.054200	2.216800	1.532700	2.571100	2.115300	2.436900	2.000200	2.139400	2.686400
336	2.186600	1.676000	0.269300	1.699200	1.279600	0.749500	1.256500	1.858400	1.874100	1.334500	0.149600	0.560900	0.000000	0.803400	0.807500	0.840100	1.393900	1.260200	1.246600	1.912700
337	2.119400	1.114400	-0.446600	0.101800	-0.339200	6.960900	0.000000	1.378600	1.456900	0.770500	-1.204100	-0.490800	0.944400	0.700300	1.938300	1.531100	-0.238700	-0.023200	0.127700	1.152300
338	0.773500	0.446900	-0.004000	0.471200	0.175700	-0.302100	0.298400	0.548300	0.572600	0.622700	-0.168600	0.243300	0.000000	0.498500	0.368800	0.751500	0.435900	-0.419300	0.016700	0.623000
339	4.984500	3.732900	0.713100	0.930800	0.000000	6.311400	9.059200	2.156000	4.065500	3.043200	2.556200	7.230700	7.991200	5.357300	5.979900	3.785800	17.456100	16.678900	11.349400	8.017900
340	4.551100	2.924700	4.202600	2.575700	3.215900	0.000000	4.139500	3.710100	3.376300	3.605200	2.417800	3.731800	3.592400	4.069700	4.795300	4.382200	6.880000	6.372200	4.907200	19.937460
341	0.496100	0.497200	-0.465500	0.702900	0.120900	-0.056500	0.028600	0.622100	0.409100	0.260700	-0.928100	-0.010200	0.000000	-0.059500	0.328000	0.504600	-0.136900	-0.681800	-1.167200	-0.017400
342	-0.254600	1.662600	1.579300	0.775800	0.515700	1.944200	0.000000	0.345100	-0.094700	0.297500	0.439400	-0.053700	0.329400	-0.161100	-0.217600	-0.223500	1.534000	0.443200	0.467500	0.217900
343	0.925300	0.406300	-0.030900	0.998000	0.425100	-1.242700	0.841800	0.300900	0.000000	0.651100	0.107000	0.589700	0.751500	0.625300	1.270500	0.644100	1.801200	1.643000	1.413500	2.605500
344	5.484400	4.553500	2.869400	3.199900	3.103400	5.491900	3.825000	3.759100	4.480500	4.126800	1.792300	4.136600	5.277400	4.041000	5.496200	4.999000	0.000000	1.744300	1.109700	4.064500
345	0.034300	-0.100200	-0.015800	0.169800	0.020200	-0.637000	-0.057800	0.078500	0.142900	0.185500	-0.004700	-0.035300	-0.366100	-0.406900	-0.186400	0.000000	0.120700	0.042800	-0.001700	0.227400
346	-0.305000	-0.157100	0.047500	0.384100	0.095800	3.271400	-0.278100	0.000000	-0.662700	-0.382000	-0.071500	-0.255900	-0.287700	-0.418200	-0.337700	-0.240900	-0.112300	-0.173900	-0.187700	0.056800
347	0.000000	2.295100	3.542100	4.699200	4.290500	7.316300	3.250900	4.614800	3.845900	2.173200	3.178100	3.535000	3.781500	3.268800	3.887600	2.180100	3.598200	3.548600	3.498700	3.820300
348	3.690700	2.715100	0.764400	3.373600	4.242700	6.004500	1.571600	4.059200	3.733900	2.786600	1.380000	1.726100	2.828200	2.494200	2.902600	2.508400	2.233800	0.860200	0.000000	1.809200
349	0.084800	-0.041300	-0.097900	0.257800	0.004700	-1.723400	-0.026800	-0.332200	0.142700	0.257600	-0.377100	-0.200300	-0.479800	-0.240700	0.000000	-0.325100	-0.125500	-0.191200	-0.262500	0.423500
350	4.375100	3.709200	2.664900	3.943500	3.033300	2.999600	4.384300	4.018800	4.266300	4.041500	2.148600	4.074200	3.651500	3.789500	4.302400	4.501800	0.000000	1.543400	1.454600	4.381700
351	5.816600	3.968500	1.384600	1.353000	0.000000	9.071900	11.663000	2.761300	4.810400	3.808900	1.393000	7.870000	5.091300	4.329000	4.772300	4.049500	15.095000	14.760900	10.365300	17.396500
352	0.042900	-0.159600	-1.807600	-0.515800	-0.565400	-0.217600	-0.570000	0.000000	0.392100	-0.509900	-1.762900	-1.096600	-0.458700	-0.640000	0.216500	-0.688700	0.775900	0.286800	0.917900	0.837900
353	0.291000	-0.065900	0.078600	0.190600	0.152400	4.101500	0.043900	0.582300	0.048500	-0.164200	-0.154200	-0.246000	-0.246500	-0.046000	0.000000	0.203400	0.404700	0.204300	0.170100	0.377400
354	1.881500	1.584500	1.334300	2.962100	2.885800	3.764100	2.070400	3.122400	2.576000	2.093700	0.244700	1.953100	0.233700	1.963300	-0.067800	2.430800	1.144300	0.000000	-0.742400	1.942100
355	0.228200	0.143700	-0.251700	0.129200	0.057200	-0.640100	-0.264500	0.162600	0.049700	0.236300	-0.095400	-0.206500	-0.107200	0.000000	-0.103800	0.032600	-0.250900	-0.240700	-0.286100	-0.001500
356	0.000000	2.234100	1.841300	4.249700	3.581100	1.323700	2.013600	4.662500	2.565200	3.125000	1.494200	3.039800	1.885700	3.388000	0.708400	1.565200	3.331000	2.980700	2.934500	3.395200
357	2.204400	1.350500	-0.030500	0.972400	1.197600	0.793000	-0.219100	1.256900	1.837600	0.913800	0.226800	0.000000	1.012900	0.527100	2.193700	1.119500	1.134200	0.359900	0.894600	1.112500
358	5.049200	3.394900	5.547300	2.083800	6.729800	6.814600	17.998900	0.000000	1.993600	3.045400	5.512200	16.924900	7.337100	5.092800	3.309100	3.229200	28.773783	17.270300	22.263460	17.706200
359	5.309300	3.276000	0.176900	0.000000	-0.543000	5.302200	11.081400	2.534800	4.574600	2.704800	2.001400	8.464800	4.295900	5.188000	4.073300	2.260900	23.427370	21.898990	12.375700	30.463159
360	7.866800	6.186800	1.866500	3.050200	2.711500	8.622500	4.238500	5.485300	7.160000	5.310700	2.084800	4.575900	6.089700	5.430300	6.699400	5.887500	0.000000	2.401700	2.288900	4.521400
361	5.969300	4.665800	1.174300	2.750000	1.648500	5.122800	6.418300	3.540000	4.617500	3.964500	1.069300	3.717600	5.681600	5.030600	5.385700	3.903000	5.253800	0.898900	0.000000	3.844300
362	3.550100	2.406400	-0.326400	0.000000	-0.147500	5.298500	1.148800	1.533800	3.156700	1.757000	-0.374900	1.469500	3.690500	1.857800	4.008600	2.599700	10.796300	8.905400	6.704600	4.399200
363	1.713000	1.172100	-0.170900	1.909500	0.855400	0.000000	0.943600	1.881300	1.343100	1.223100	-0.197400	0.704100	0.652700	1.218500	0.551900	1.602700	-0.373800	-0.762600	-1.177100	1.193900
364	1.057000	1.337500	0.294300	0.982800	0.551400	2.533700	1.202100	0.191800	0.000000	1.210900	-0.006500	0.931100	-0.610800	1.157200	-2.220400	-0.043900	0.270100	0.810400	0.055700	1.358700
365	1.903300	1.197800	0.143400	0.857100	0.000000	0.158800	1.843200	1.328600	1.653900	1.440600	-0.450500	1.601100	0.147200	0.957100	0.419700	1.376300	0.464600	-0.716100	0.400000	1.996100
366	0.420800	-0.026900	-0.296200	0.302700	-0.267100	-0.430400	-0.145600	0.268100	0.243300	0.746900	-0.230400	0.000000	-0.809400	-0.626700	-0.092400	-0.310800	-0.353700	-0.215700	-0.622000	0.167400
367	1.317800	0.000000	-0.992200	-0.487600	-1.100600	-1.092000	-0.458400	-0.404900	0.085300	-0.017000	-2.139200	-0.897000	-0.690500	-0.365900	-0.614800	-0.663200	-0.972500	-0.260000	-0.420800	-0.159100
368	0.000000	-0.722900	-1.887700	1.454700	1.331100	7.813600	4.155800	1.422700	0.123600	-0.326900	-3.100900	1.046700	-0.451000	-0.595700	2.110900	2.607100	10.334800	8.338300	10.695500	13.230900
369	0.884900	0.136800	-0.325900	0.764300	0.220700	2.744300	0.348700	0.853900	0.800400	0.981800	-0.375600	0.488400	-0.642000	0.049400	-0.653500	0.000000	0.469800	-0.310600	0.045700	0.104000
370	1.366000	1.285300	-0.084000	0.963200	0.284700	1.968900	1.406600	1.907000	1.213500	0.917400	0.259900	0.897900	0.584000	1.363700	0.000000	1.068200	1.277700	0.906400	0.896700	1.601000
371	4.058500	2.473600	-0.003400	0.565500	0.000000	4.651200	3.438400	1.338700	2.542200	1.988500	0.415900	1.009200	3.573900	2.107700	4.049300	1.730400	9.435100	12.534300	8.127200	5.498800
372	1.886100	0.000000	5.762500	2.994200	3.661300	6.586400	7.040100	2.036400	1.451100	1.983100	2.407400	1.853000	3.500000	3.488800	6.870500	6.850900	23.123170	4.027800	4.403200	5.363100
373	0.603100	-0.116600	-0.552700	0.029500	-0.472100	3.039500	0.175700	0.481400	0.114800	0.268200	-0.261600	-0.524900	-0.499800	-0.285200	-0.258200	0.000000	-0.451500	0.377200	0.253100	0.268200
374	0.453300	-0.829400	-1.340600	0.537700	2.933600	-0.095000	0.265600	-0.755500	-0.297600	0.000000	-1.311100	0.209500	0.386900	-0.402200	0.051600	0.308000	8.425300	8.284100	7.704700	8.485100
375	6.167700	3.919200	0.000000	2.820900	1.706500	6.555300	10.373500	3.107100	4.710300	3.871200	0.472000	4.724600	4.499600	3.713600	5.049600	3.241800	14.303500	12.557400	6.486100	8.218700
376	3.059700	2.244900	1.216200	2.439000	1.669900	6.551900	0.000000	2.669300	2.521400	2.591500	0.978300	1.500200	2.062100	1.826800	3.163700	2.382300	2.482800	2.736100	2.052600	2.556000
377	0.167700	0.584600	0.227400	0.809900	0.335800	0.378100	0.007800	0.650600	0.255100	0.694000	0.220100	0.000000	0.741600	0.290600	1.231900	0.093700	0.605700	0.414400	0.351000	-0.302600
378	0.317500	-0.248000	-1.429900	0.602800	-0.798700	1.205800	-1.130100	0.185400	0.000000	-0.330000	-1.182300	-1.104600	-0.370000	-0.647600	-0.481500	-0.809300	-0.096700	-1.284800	-1.782400	-0.375800
379	0.000000	2.394500	2.233000	3.193200	4.586200	5.258000	1.626400	4.511600	2.194300	2.175000	2.344300	1.693000	2.205100	2.178500	2.069800	1.845000	2.451200	2.166300	2.129000	2.169500
380	2.207300	1.026500	-1.045000	-0.899400	-1.589200	4.983700	0.371500	-0.200600	1.316500	0.861200	-0.897400	0.000000	1.886000	0.483900	2.957300	1.008100	2.141000	0.770900	-0.628000	1.648000
381	1.041800	0.573000	0.138900	0.643000	0.333500	1.449000	0.000000	-0.009400	0.668200	0.533500	0.648400	0.015700	0.765900	0.237300	0.527000	-0.315400	0.878400	0.150900	0.098700	0.426700
382	5.266000	3.573000	1.862100	0.000000	0.842000	6.247300	11.604000	2.306400	4.450000	2.808000	4.065200	12.261700	6.350100	5.531100	4.981900	4.365500	12.065600	13.975700	10.240700	18.179400
383	4.191400	2.636300	0.000000	4.191400	2.636300	0.469900	1.451400	0.000000	4.904100	1.640600	2.237700	3.700900	1.876500	1.075600	1.539000	3.711600	2.330800	4.695600	2.715300	2.320500
384	2.598900	1.944900	-0.830400	0.370300	-0.280000	0.922000	1.133000	0.882200	2.032900	1.183300	-1.327900	0.750400	0.761700	0.000000	1.007700	0.512000	1.801100	1.849600	-1.730300	0.455500
385	5.393000	4.060100	0.000000	0.728400	-0.119500	6.704700	6.871800	3.098200	4.965400	3.231000	0.741500	5.874100	2.522000	4.390200	3.010100	3.127600	18.642800	9.401900	6.508500	4.895100
386	-1.171500	-0.885200	0.492800	0.139100	-0.077800	-0.531000	2.097500	-0.145900	0.000000	-0.897100	-3.118000	1.076000	0.669700	0.115300	-1.288100	-1.636100	3.157100	2.739700	3.137200	8.077700
387	0.329500	0.081400	-0.582200	0.101300	-0.191100	-2.355300	0.000000	0.423400	0.146200	0.545700	-0.663200	-0.244000	-0.673700	-0.565400	-0.451600	-0.442900	-0.485200	-0.661300	-0.281700	-0.044000
388	1.272800	0.618000	-0.208400	0.764100	0.035800	1.107600	0.272300	0.555200	0.708500	0.208700	-0.333400	0.000000	0.073500	0.328700	0.515700	0.947600	0.299800	0.360600	0.211700	0.752300
389	0.621500	0.845600	-0.254200	0.750200	0.687700	1.807600	-0.018500	0.000000	-0.084700	1.376400	-0.415000	0.808400	0.665700	0.654400	-0.541700	-0.231500	-0.833500	0.251800	0.027500	0.498400
390	4.768200	3.962400	1.758600	3.804900	2.461400	4.390700	4.486200	3.901900	4.568600	3.906400	0.704200	3.853000	3.997200	4.381700	4.729000	4.769500	0.293800	1.200900	0.000000	3.310600
391	2.283700	1.957500	1.360300	2.158600	1.741700	1.794200	2.374700	2.309000	2.474700	2.318300	0.855600	2.182500	1.093800	2.120600	0.000000	1.806200	2.439200	2.735000	1.501000	2.598000
392	0.260900	0.230100	0.046100	0.564100	0.384300	0.553000	-0.181700	0.000000	-0.436200	-0.157600	0.109600	-0.237400	0.423000	-0.415100	0.798400	0.118800	0.554500	0.268600	0.185800	0.069500
393	1.436500	0.348200	-1.011700	1.157700	0.946900	4.846900	0.448500	2.877800	1.209200	0.756400	-0.803500	-0.161900	0.000000	-0.109400	0.838300	-0.110000	0.096900	-0.471700	-0.707500	-0.306900
394	5.260000	4.324800	2.425400	6.017200	5.281100	9.670800	1.485300	6.076700	5.575000	4.271100	1.412700	3.099800	4.798500	3.787000	5.670700	4.536800	0.455400	0.000000	0.448700	3.380900
395	2.821200	2.309700	2.506000	3.055700	2.721400	0.000000	1.769100	3.094800	2.934500	2.999600	2.019300	2.008000	2.815600	2.569800	3.309400	3.130600	2.500000	2.847500	2.792900	3.382400
396	2.223900	1.151200	1.002400	1.259600	1.258500	0.661000	0.435800	1.923600	1.380700	1.487600	0.810300	0.000000	2.147100	0.792200	2.853600	1.375300	1.807000	1.787600	1.308600	0.902000
397	3.131100	1.201700	1.557500	0.717100	0.577100	-0.120100	6.015500	0.000000	1.614500	0.639200	3.961300	4.509100	5.395300	4.205900	4.327400	2.986200	14.835000	12.325700	14.595400	7.832700
398	0.305100	0.514500	1.180600	2.704800	0.498800	2.097800	1.170300	2.023200	0.741800	1.601800	-0.621200	0.000000	1.101800	1.341100	0.757100	0.630900	1.031100	-0.486000	-0.353000	0.758300
399	-0.048800	-0.243700	0.000000	0.432000	0.200700	5.024600	-0.862400	-0.336200	-0.416300	-0.361600	-0.344800	-0.657300	-0.086000	-0.478300	-0.016300	-0.506400	-0.060600	-0.465000	-0.386300	-0.553100
400	0.310800	0.588400	0.757700	1.522600	1.596400	-0.050200	0.786700	0.000000	-0.425500	0.615100	0.806700	0.781800	0.372400	0.462100	0.334500	0.666200	0.894700	0.768800	0.769600	0.965800
401	0.744000	0.891600	-0.172600	0.740400	0.252900	1.972400	0.376200	1.500000	1.150400	0.584100	0.041700	0.310100	0.568600	0.761600	0.000000	0.673700	0.428400	0.124900	-0.142400	1.004100
402	5.565500	4.543100	3.461900	2.982300	4.477300	7.107800	5.327700	4.366100	5.054400	4.543500	2.080800	3.648200	6.298400	5.025100	6.072700	5.375200	0.000000	1.891400	1.620800	4.410800
403	3.047100	2.010200	0.721800	0.889700	0.958300	3.095100	0.492700	1.582200	2.317600	2.231500	1.596600	1.078100	0.901400	0.991200	0.000000	1.844100	2.276100	1.858400	2.047900	1.262300
404	6.618800	4.634000	1.263300	1.569300	0.954600	6.959500	4.526000	3.850100	5.728800	4.033100	1.149800	4.258500	4.923800	4.197700	5.833600	5.040300	4.945600	2.680300	0.000000	3.560700
405	6.210200	4.012400	2.706500	0.000000	1.109000	11.661200	18.181400	2.780200	5.303600	3.055100	4.716100	10.153700	7.880600	7.638500	5.160700	3.226800	34.313610	26.966150	18.660300	24.890900
406	5.272800	3.596100	0.621300	0.000000	-0.749800	5.215400	9.733100	2.668500	4.855500	2.581600	0.403100	8.432000	4.833300	4.357900	4.316600	2.681500	21.793130	7.751300	6.273200	5.017800
407	2.459700	1.258600	3.015800	0.513800	2.985900	5.066500	11.911900	0.000000	1.710000	1.196200	4.076700	8.524200	4.269000	14.157100	6.010100	4.499100	22.937270	16.502100	14.974600	12.719000
408	-0.540800	0.184200	-1.767500	-0.840500	-1.533500	0.238700	1.349100	0.000000	-0.066200	0.017100	-1.302200	0.090400	0.498900	-0.195900	-0.156900	0.060000	3.219900	4.823500	3.478000	3.714000
409	0.290300	0.183500	-0.369000	0.707900	0.263700	-0.974900	0.273700	0.756200	0.703800	0.855600	-0.189900	0.079000	-0.114700	-0.228600	0.000000	0.170700	0.034000	0.040200	-0.003800	0.855800
410	3.442800	2.376100	-0.151900	0.867200	0.000000	4.096900	3.102700	2.343500	3.077900	2.091500	-0.289200	2.662000	1.966600	2.817500	1.430800	2.812900	1.414400	0.320500	0.139700	1.790500
411	-0.127900	-1.753100	0.390800	0.205300	1.631500	1.891200	13.754800	1.141200	0.000000	-0.254900	0.883500	7.584400	2.487700	4.401700	1.854100	0.271600	11.496700	12.755100	8.534600	12.233000
412	2.701300	1.780200	-0.589100	2.421100	0.782900	5.602000	2.092000	3.379100	2.506000	2.197600	0.230700	1.056000	0.000000	0.510200	2.815000	1.610000	10.483700	12.773900	10.652000	14.461000
413	2.635600	2.738200	0.197200	1.024800	1.497900	2.826900	1.969600	3.003600	3.843700	2.469100	0.000000	2.021200	3.597900	2.358600	5.452900	2.603400	3.651000	0.790400	-0.556300	3.359200
414	0.000000	3.524400	8.833900	10.248900	13.131100	9.755000	10.453400	8.682800	5.353900	6.069800	8.931100	10.666000	13.906600	10.760500	10.354100	7.237000	24.439710	22.747350	15.131700	17.101700
415	1.561600	0.000000	5.161400	2.010200	7.263600	4.226800	7.186800	2.599300	1.364500	0.950100	3.155500	9.106700	4.870400	4.743300	2.756400	4.253200	20.345600	22.672240	13.279400	46.669500
416	3.028400	2.675200	2.493300	2.878700	2.966800	4.631300	2.893300	2.830600	2.184100	3.460300	2.150000	3.071700	2.145700	2.226700	1.840700	0.000000	3.127600	2.408800	1.870800	1.714400
417	5.016000	3.816200	1.275700	2.590200	3.863000	1.984600	3.652000	4.391800	4.849700	3.728200	0.802600	2.879600	2.840100	3.998100	4.412800	4.491600	7.169100	-0.396100	0.000000	1.983900
418	-0.315500	0.889000	0.796600	1.370800	2.748400	5.603600	0.000000	1.059300	0.784400	0.631800	0.523000	0.396400	0.075500	0.184200	0.494500	0.273400	0.284000	0.393000	0.442100	0.273600
419	0.838800	0.000000	3.153300	-0.339700	1.196000	-0.492700	21.355530	2.226300	1.286100	0.055200	2.545900	10.746900	3.387100	2.724000	4.249500	3.141500	32.668960	23.247740	13.523700	18.045400
420	0.000000	0.523200	-0.025700	1.966000	1.923800	2.040000	-0.251500	1.502100	1.126600	0.878500	1.213200	0.195400	0.577500	0.222600	0.233300	0.149400	0.582600	-0.007800	0.363800	0.061100
421	6.002400	4.920600	1.657400	4.190500	3.636600	10.311200	0.000000	4.425800	5.607500	4.686700	1.518700	3.853000	5.383800	3.262500	7.047800	5.623700	12.328800	21.892020	12.962900	7.614800
422	4.549100	2.811500	2.850600	0.000000	0.628700	7.614400	12.122200	1.875300	3.240900	1.821500	3.210100	9.121000	5.236700	5.920000	4.950300	3.233400	22.232340	20.219960	14.396000	14.031700
423	6.656700	4.673900	0.308100	1.016700	0.000000	7.374000	12.630900	3.757600	5.967100	3.636400	0.322900	5.526100	3.761800	4.571000	4.439400	4.626900	24.918070	18.933800	11.494100	7.355800
424	5.640300	3.687200	6.003700	4.227600	6.665500	11.914100	17.117800	5.515600	5.873000	3.064700	5.604600	14.827200	5.521900	9.095400	0.000000	3.742400	25.421090	15.131300	12.593500	34.820680
425	3.545800	2.859800	1.862800	3.189700	2.297100	0.000000	3.210600	3.920300	3.825300	3.159400	1.638200	3.129400	3.162300	2.833900	3.854100	3.423000	2.293000	2.219500	2.188000	3.668900
426	3.183400	3.188100	2.047800	3.751900	3.446100	11.081600	0.000000	5.620500	4.393500	2.664800	0.837700	1.919300	5.786600	2.491600	7.858200	2.170800	9.588600	13.847600	11.625500	17.313500
427	1.962300	1.445000	0.107000	0.565200	0.058700	4.478900	0.000000	1.444200	1.396800	0.989300	-0.620100	0.043700	1.484300	1.058700	2.849900	1.168800	0.689900	0.095900	0.025100	0.650800
428	0.313000	0.344600	-0.831900	0.120000	-0.407600	1.626300	-0.696600	-0.574200	-0.237500	0.000000	-1.067700	-0.338000	0.579100	-0.095100	-0.043800	0.428000	-0.595100	-0.510900	0.060000	-0.630600
429	1.731600	1.140900	0.000000	0.955700	0.307400	0.064000	0.763400	1.119700	1.677300	1.081900	-0.163600	0.027200	0.585500	0.850900	1.564100	0.653800	-0.119500	0.013000	0.779600	0.961500
430	2.651900	1.187300	0.875600	-0.917900	-1.655300	5.420600	0.158000	1.046300	2.116400	0.711400	-1.549200	0.000000	1.943700	0.811600	2.424300	1.541600	1.544400	0.784300	-0.811500	1.715100
431	3.706400	2.241400	5.301900	1.670800	2.446000	0.000000	3.775500	3.399500	3.521400	2.265300	5.288200	3.284000	1.517400	2.480100	3.942700	4.327000	7.183900	8.415400	6.789100	7.529700
432	3.258600	2.092100	0.744600	0.000000	0.788400	5.946100	1.434600	2.051400	2.292700	1.851700	0.566100	0.783600	2.450900	1.594500	4.677800	1.900700	1.345200	3.880200	3.296200	2.330700
433	2.691400	1.673300	0.178300	0.456100	0.000000	0.356000	0.177000	1.785400	2.508100	1.017400	-0.289300	0.790000	1.755500	1.524800	3.179000	1.260700	3.036800	0.426900	0.531000	2.804600
434	2.950200	1.829900	0.000000	1.290400	0.541000	4.345900	1.379900	2.420700	2.997700	1.725200	0.194700	0.936700	1.415200	1.126900	1.803900	1.881800	0.942400	1.296700	1.082800	2.076800
435	-0.099200	0.073100	-0.595500	0.036700	-0.165200	-0.477000	-0.914500	0.000000	0.093300	0.001500	1.091000	-1.107700	0.291000	-0.973800	0.218000	0.067700	-0.001000	-0.585800	-0.897400	-0.393500
436	0.485300	0.320900	0.253800	0.210300	0.159700	0.173900	0.304200	0.129600	0.382200	0.067800	0.206800	0.184100	0.201000	0.205600	0.000000	0.228800	0.137100	0.195400	0.176000	0.367200
437	0.000000	2.157800	2.897900	4.577400	4.202700	6.435900	2.864200	4.789700	3.503300	3.175300	2.723500	1.768600	2.840000	2.713300	3.064500	3.181300	2.840900	2.905500	2.879000	2.837900
438	0.694400	0.597600	0.216900	0.685500	0.359100	0.000000	-0.055500	0.633200	0.691200	0.673000	-0.297900	0.222000	0.143800	0.356800	0.518900	0.704400	0.217200	0.052100	-0.296000	0.645800
439	1.492700	0.987700	0.794800	0.726100	0.582900	0.250000	1.453600	0.968400	1.118100	0.817300	0.420700	1.087400	0.000000	0.246100	1.403300	1.322900	1.063100	1.100400	1.051900	1.400600
440	2.405700	1.781500	0.601500	1.890500	1.408600	2.796000	0.000000	2.448400	1.371500	1.445900	0.046100	0.968700	2.251600	1.349500	2.732000	1.119900	2.468200	2.494800	2.167000	1.562300
441	4.836000	2.794600	0.675200	0.000000	0.662400	6.181200	11.102800	2.708900	4.590000	2.625700	0.601000	6.782900	5.660300	5.265100	6.008400	4.053400	20.016490	9.334700	12.625900	13.330100
442	2.587900	2.027200	0.811200	0.396800	0.000000	2.518000	1.317300	1.101000	2.257500	1.698000	-0.186400	0.738500	1.772700	1.370300	1.693600	1.965900	1.978800	-0.152500	0.861800	1.454900
443	3.667500	2.923300	0.000000	1.881400	1.894100	3.961600	1.980800	2.355900	3.462200	2.283600	-0.005100	1.254700	2.304600	1.844200	3.022300	2.631400	0.583700	0.141700	0.526000	3.107400
444	1.057700	0.000000	-1.068800	1.061100	0.160800	3.032500	-0.276300	1.662300	0.989000	0.600100	-1.093600	-0.556000	0.002600	-0.289500	-0.008100	0.398500	0.083300	-0.324700	-0.393400	0.333800
445	0.000000	8.050400	22.310260	20.474890	27.628830	14.392200	19.028700	18.773000	13.279100	12.205100	16.235700	18.873300	20.254930	19.935380	21.508000	21.790180	37.314800	39.072500	34.655850	82.952200
446	2.833700	3.433500	2.413100	3.396400	3.256000	0.000000	3.104800	3.642000	4.170200	3.795800	2.429000	2.714900	2.878800	3.341400	3.941000	3.984300	2.106700	2.430500	2.030900	3.341500
447	2.426600	1.804400	0.498100	0.102600	0.000000	4.916400	1.560700	1.730400	1.950300	0.958100	0.651100	1.136800	1.568500	1.640400	2.265600	1.429800	1.351700	1.008400	0.956300	1.968400
448	2.758400	1.947300	2.115800	3.406200	4.135100	0.000000	2.631300	4.716500	2.597900	2.789100	1.919300	2.297900	1.818000	2.365300	2.971600	2.863100	1.889500	2.178200	2.156700	2.853300
449	2.058900	1.310600	0.550600	0.000000	-0.358800	2.719400	2.933300	1.575000	1.617700	1.076000	1.766100	1.198800	1.652100	2.205200	1.704300	0.841000	3.453000	2.595000	2.307400	4.400200
450	0.958800	0.867400	1.030500	1.156700	0.938900	-1.259600	0.292100	0.000000	-0.173000	0.954900	0.498900	0.771100	-0.282100	0.032900	-1.148700	0.457800	3.153500	1.802900	0.570700	0.982000
451	4.045400	2.606500	2.035700	2.496500	5.213200	0.000000	2.541500	2.541100	3.260200	3.194000	2.164800	1.755400	3.168500	2.942400	4.488400	4.010800	4.869800	2.570600	1.960400	3.626200
452	1.390700	0.000000	-1.068400	0.069800	-0.399700	-1.306100	0.374700	-0.125700	0.539100	0.330700	-1.289800	0.511700	-0.401400	-0.263600	0.983700	2.215700	5.180000	3.514300	2.792700	10.158700
453	1.932000	0.375500	-0.063400	0.412100	0.186500	0.616400	-0.238200	-0.836300	0.000000	0.997100	-0.221600	0.304000	0.740800	0.312500	0.971800	0.228100	0.348400	-0.740100	-0.319900	1.098900
454	2.046100	0.000000	3.180400	2.882900	3.921300	4.006100	19.438310	-0.041500	0.796000	1.848700	7.191600	11.794500	5.731700	8.359700	4.413700	5.664600	22.371700	16.364800	12.792100	12.075000
455	1.916000	0.000000	4.092900	4.513400	7.076800	6.664600	4.989300	3.227300	2.187900	2.526000	2.410200	4.367100	6.380700	4.576800	5.887200	5.477000	17.112400	16.924500	11.802100	17.546300
456	1.586300	0.075400	-1.034400	1.379400	1.515800	3.603300	0.342600	1.611900	0.958700	0.179300	-1.848300	0.482000	0.271700	0.000000	1.978400	-0.883700	1.455000	3.360100	1.588600	5.239600
457	3.872600	2.277700	2.722100	3.873000	3.032600	6.910700	0.000000	3.415000	2.942900	1.918600	1.139200	1.986800	8.822100	3.491500	6.621900	2.252600	6.526500	3.252400	0.930400	2.992600
458	3.838400	2.242900	-0.055500	2.470800	1.904500	9.218800	0.000000	4.223300	2.763600	2.729100	0.234200	1.398400	4.921200	2.081200	5.279300	3.680200	14.917400	5.517300	4.098600	6.493900
459	0.000000	1.343600	5.393000	5.986600	6.444300	7.067500	11.087000	6.138100	3.318300	3.805400	1.222100	8.716500	5.365800	4.947300	7.159700	5.420600	17.082700	15.504600	11.122100	71.844000
460	2.557900	1.602100	0.624600	0.088100	0.324500	5.853900	0.000000	0.831700	1.766100	1.703600	0.544400	1.234800	4.316600	2.233300	3.389600	1.513400	24.749670	14.168000	10.260700	18.227600
461	4.044000	3.287100	2.760500	0.649800	0.000000	6.878000	11.695800	3.324900	3.825800	2.459900	2.972100	6.866300	7.447600	5.572500	6.544100	4.250700	28.770295	13.844900	9.811900	7.444300
462	0.000000	5.503500	14.659400	12.281800	16.225000	17.480000	21.529520	12.669800	10.155200	9.799900	15.176700	18.679700	16.445400	17.683700	16.703600	14.942400	37.566860	31.297000	23.952860	46.874500
463	1.327600	1.007200	-0.188000	1.104200	0.619900	2.966000	0.000000	1.745900	1.285400	0.547700	-0.288900	0.531300	1.499400	1.137400	1.982100	1.088800	1.807300	1.656300	1.575600	1.504400
464	1.490900	0.680100	-0.658500	-0.276600	-0.812700	0.985000	0.367500	0.148100	1.194300	0.555200	-0.370500	0.128800	-0.178000	-0.013000	-0.449900	0.000000	0.209400	0.320700	0.087100	0.057200
465	1.926300	1.385800	1.670700	2.201800	1.885400	0.000000	1.239100	2.223000	1.491900	1.889500	1.967600	1.272500	1.333600	1.659600	1.814000	1.537200	1.874500	1.807700	1.796500	1.917100
466	0.248900	0.000000	-0.383800	0.788900	0.521700	1.280800	-0.272900	-0.101000	-0.428100	0.022500	-0.580000	-0.242300	-0.429400	-0.361300	-0.044400	-0.223500	-0.461200	-0.627800	-0.633700	-0.373700
467	1.917800	0.505600	0.262600	0.459600	0.029700	3.727000	-0.247900	0.598300	0.213400	0.405900	0.274300	-0.415900	0.460800	0.000000	0.424700	0.452000	0.511600	0.333800	0.262400	0.306700
468	0.082500	0.030300	-0.394600	0.409800	0.136200	-0.322900	-0.403900	0.370700	0.150200	0.241500	-0.279300	-0.358600	0.000000	0.002200	0.456100	-0.011100	0.499600	0.026800	0.011600	0.390600
469	-0.352300	-0.250900	-0.232300	0.017200	0.221100	0.302400	-1.135000	-0.086000	0.056700	-0.239000	-0.169700	-0.490400	0.158300	-0.999800	0.000000	-0.363300	-0.334000	-0.350100	-0.277700	-1.017700
470	1.162400	-0.131700	1.054700	-0.794400	1.258900	-0.756200	0.950100	0.914200	0.426900	0.461400	-0.626800	1.091000	0.571900	1.637900	0.000000	0.651700	3.093500	1.010900	0.485500	-0.011300
471	1.844600	0.474100	-1.454000	-0.804000	-0.991000	3.638400	-0.721500	0.582700	1.033500	0.435300	-1.313100	-0.732200	0.474900	0.000000	1.873500	1.272400	0.117700	-1.935000	-1.322500	0.423700
472	9.315100	6.979800	4.721200	6.890300	10.145200	12.258200	10.850300	7.148400	8.180000	6.383700	3.661100	7.595600	8.834500	6.689800	8.539800	5.123400	9.718500	0.000000	2.890500	4.930900
473	4.687500	3.156200	1.126700	0.000000	-0.393800	4.132800	4.080400	2.449100	4.421800	2.513100	0.535000	3.258900	2.775200	2.415900	3.303100	2.862900	5.674800	4.123200	2.635900	2.614100
474	4.081000	3.097500	2.132500	5.698900	6.691100	5.900800	3.807000	3.022800	4.402700	2.939200	1.554500	3.813300	4.051400	3.449900	4.555900	3.971600	2.303800	0.067700	0.000000	3.075000
475	1.769100	0.439200	-0.656100	0.953000	1.105200	5.408200	0.232900	0.848000	0.000000	-0.084200	-0.492800	-0.120200	0.198100	-0.011000	0.789100	-0.847800	0.392600	-0.641300	-0.511500	-0.075600
476	0.000000	3.156300	3.285800	4.276500	4.049900	7.081200	3.408900	4.157900	2.757700	3.343700	2.726300	3.387700	2.980000	3.107700	2.651200	3.226600	3.271000	3.090400	3.035200	3.461500
477	0.623300	0.476400	-0.004100	0.566400	0.130500	-0.635700	-0.042800	0.285900	0.456500	0.470500	-0.366600	0.119000	-0.101300	0.119200	0.000000	0.371100	-0.032100	0.139500	-0.067900	0.109200
478	3.413000	2.128800	1.770500	1.489400	0.990700	0.000000	1.327200	2.812600	3.548300	2.155600	5.822300	2.765000	3.092500	3.023100	2.826500	3.817700	2.412500	2.070000	1.827400	2.956300
479	2.743200	1.245400	0.000000	1.105500	0.636500	6.281500	0.591600	1.157200	1.513500	1.130500	0.091000	0.281700	0.840700	0.899400	0.911000	0.885400	-0.038000	0.214300	0.321100	1.533000
480	0.759500	0.239700	-0.335500	0.637000	0.010500	-1.113700	0.308900	0.883900	0.736100	0.710600	-0.412800	0.000000	0.368500	0.121900	0.799000	0.813000	0.201100	0.201800	-0.218400	1.010400
481	0.529900	0.323900	0.005100	0.208100	-0.228200	0.301100	-0.086500	0.222200	0.563100	0.214400	0.174000	-0.097500	0.143000	0.252100	0.044200	0.000000	0.291600	0.026300	-0.038900	0.268300
482	1.260400	0.718500	-0.638200	0.375600	-0.503200	2.618400	1.209200	1.130600	1.607900	0.188500	-1.081600	1.033300	1.688400	1.133600	0.000000	0.100000	0.847900	2.603700	0.542500	1.424600
483	0.240300	-0.071400	-0.144900	0.338400	0.147000	-0.315000	-0.444600	-0.406900	-0.740500	0.338100	-0.662400	-0.436800	0.000000	-0.842800	0.717000	-0.318400	0.370200	-0.022300	-0.133300	-0.264900
484	0.331800	0.271100	-0.243900	0.512000	0.446000	0.424200	-0.825200	0.802100	0.277600	0.227300	-0.427200	0.003300	-0.131600	-0.251700	0.000000	-0.026600	0.053600	-0.016500	-0.273700	0.344000
485	2.564100	1.311400	0.236600	1.071900	1.601100	4.484200	1.720100	1.023800	1.986700	1.602500	0.157600	1.282000	2.662500	2.105900	1.366700	1.188800	-0.589200	-0.285800	-0.716800	0.000000
486	1.214600	0.000000	0.718700	0.100100	1.064500	6.490800	2.768700	0.899800	1.016000	0.622000	1.171400	3.756700	9.081000	6.449100	5.135600	2.056800	24.428910	6.772400	9.184100	21.846310
487	1.361100	-0.270700	-1.552800	-0.212100	-1.154600	-0.461900	0.795400	0.000000	1.361100	-0.270700	-1.552800	-0.212100	-1.154600	-0.461900	0.795400	-0.080900	0.452500	-0.111700	-1.177100	-0.164100
488	5.217900	4.437400	2.319200	3.698200	3.946300	6.055400	3.991000	4.293300	4.913200	4.338500	2.090900	4.143600	5.223700	4.594000	5.487700	5.013000	0.000000	1.250900	1.929200	3.653000
489	0.787900	-0.330300	-1.623100	-0.846100	-1.646000	-1.828500	-1.266900	0.000000	0.721000	0.000200	-1.792000	-0.869200	0.067000	-0.363900	0.597300	0.353400	-0.879300	-0.424500	-1.085800	0.004100
490	5.618900	3.797100	2.033300	5.861600	5.552800	6.270700	8.170300	5.698600	5.601400	4.280500	2.635200	6.382600	0.000000	3.174100	4.971300	5.554400	18.082000	13.867100	10.830900	8.248400
491	1.907900	0.000000	1.857600	3.522600	3.555400	7.614200	3.554400	1.794200	1.010500	1.037300	0.838100	5.492200	6.333000	7.728300	7.327300	6.118000	22.006460	13.387000	12.473500	40.858200
492	1.780300	0.783400	-0.392900	0.828000	0.256700	2.755000	-0.986700	1.415500	1.432000	1.348000	-0.427100	0.000000	1.807200	0.794900	2.564900	0.757000	-0.031500	-0.143400	-0.538900	1.748500
493	4.131300	2.343300	1.719700	1.174500	0.337600	3.482800	4.610000	1.819300	2.907000	1.779800	0.000000	3.387300	4.606600	2.803100	4.814100	2.993700	9.371100	9.243400	5.917500	5.909300
494	4.889700	3.223400	0.000000	1.289600	0.284100	6.680400	3.478200	3.437900	4.826300	3.518300	0.555300	3.083600	4.280200	3.210600	5.385100	3.711000	7.053300	3.077000	2.506700	3.759200
495	4.386600	2.864200	0.000000	1.635700	0.950700	9.609300	2.683400	4.101400	3.957600	2.883600	0.611000	1.446700	5.428900	3.367700	5.743400	2.830000	10.447000	5.568400	6.805500	9.537200
496	0.800800	0.296700	0.562400	3.116500	1.495900	3.662500	1.919000	1.956700	1.514700	1.075600	-0.185600	2.618600	1.230400	1.899500	0.000000	0.712900	2.620000	0.969700	0.485800	0.324500
497	3.892200	3.084200	1.229400	2.895500	3.698000	6.604500	8.624400	2.074500	3.047500	2.279600	3.091200	6.498900	5.281800	2.553400	3.551200	0.000000	33.158510	23.763160	18.045200	21.531400
498	4.646600	3.170300	0.639700	1.094600	0.000000	5.941200	8.237400	1.417600	3.263800	2.579500	-0.559800	2.671100	4.869100	2.873700	5.308500	3.662000	13.838300	8.001500	5.592600	3.537100
499	0.945600	0.877200	0.127100	0.238300	0.164800	1.052700	0.609700	0.306800	0.331700	0.530300	0.090600	0.319400	0.634800	0.403200	1.539000	1.079500	-0.412900	0.000000	-0.140200	1.266500
500	0.548700	-0.636400	-2.496700	-2.314400	-3.223400	1.095300	1.809200	0.000000	-0.257800	-0.821100	-0.757700	2.437400	-0.182100	1.759500	0.031600	0.051700	22.429740	10.134200	3.315400	-0.203400
501	1.877600	1.485100	1.150000	1.719200	1.482400	0.000000	2.878300	1.927600	1.880000	2.949900	0.864500	1.675500	0.763000	1.711900	0.753200	3.287500	1.712400	1.821900	1.095900	1.820400
502	0.958700	0.082400	-1.275000	-0.008100	-1.067100	0.108900	-0.282600	0.371500	0.735900	0.222500	-1.596000	-0.615700	0.000000	-0.195400	0.420400	0.462800	-0.673800	-0.747500	-0.409700	-0.018600
503	0.000000	3.022500	3.265500	4.381400	4.211900	5.460600	2.952800	4.520400	3.191300	3.192300	2.999000	2.823600	3.123400	3.063000	3.138800	3.172500	3.044800	3.098900	3.052900	3.269400
504	2.357600	1.709400	0.312600	0.982000	0.000000	2.362700	0.845400	1.460400	2.112500	1.393000	0.264500	0.403100	1.320300	1.014000	1.478400	1.494500	0.768200	0.733000	0.639200	1.591600
505	1.792300	1.077300	0.205400	0.353600	0.000000	-0.740900	1.143000	1.120400	1.382700	0.546600	0.212500	0.606200	0.238800	1.112900	1.714300	1.012500	1.106100	1.097000	1.078500	1.663100
506	4.181400	2.620100	6.044400	4.536700	7.080500	0.000000	15.274500	5.513900	4.401500	3.549400	4.094400	7.188100	3.408700	5.562700	3.763900	5.813500	19.717700	13.694600	10.295500	51.438500
507	0.464800	0.168100	-1.022500	-0.044300	-0.630900	0.231700	-0.431600	0.000000	0.227100	-0.037100	-1.094300	-0.421900	-0.474500	-0.807800	-0.483200	-0.187800	-0.625400	-0.403600	-0.486500	-0.029500
508	3.429300	2.165200	0.000000	0.840600	0.450900	0.339200	-1.576100	2.202000	2.671100	2.284200	-0.087300	1.591100	1.716500	1.760300	3.293300	2.571500	4.780500	4.175000	0.640200	2.058700
509	5.120900	3.397300	2.349700	2.589600	1.984200	0.530600	3.444800	6.076100	3.678400	3.524900	1.505900	3.353800	3.033200	3.428200	5.038300	3.228500	0.009700	0.617100	0.000000	2.253500
510	0.000000	0.135600	-0.528100	0.148500	-0.643600	0.134000	-0.166100	0.508400	0.618700	0.255500	-1.054200	-0.738100	-0.595700	-0.323100	-0.352400	0.146100	-0.885800	-0.477000	-0.502200	0.043700
511	3.925100	2.727700	1.901000	2.342100	2.992400	0.000000	1.151900	3.947500	3.331800	3.331500	1.539200	1.858800	1.840900	2.244800	2.991700	3.142000	1.138100	2.369500	2.235300	3.129900
512	3.541800	2.311400	0.471500	1.014900	0.885500	3.860700	2.483600	0.974700	2.239400	1.439100	-0.158700	2.118600	0.000000	0.800300	0.941200	3.159800	1.116800	1.805200	1.794900	1.350100
513	1.883400	1.211700	0.232400	1.336000	1.058800	5.147000	0.000000	0.813400	1.094700	1.274100	0.253300	0.721100	1.667300	1.084000	1.968900	0.936600	1.938000	1.331500	0.654100	1.643800
514	-0.206500	0.568000	0.291000	2.001500	3.125900	4.370300	0.162100	1.587000	0.373800	0.327700	0.251100	-0.031300	0.000000	0.074000	0.010800	-0.108500	-0.139900	-0.252400	-0.317800	-0.051000
515	3.004800	1.785700	0.734900	1.284400	2.284900	1.883200	0.998500	2.285800	2.859700	2.057400	0.656200	0.000000	2.668900	1.516000	3.715500	1.494100	0.871700	0.690700	0.346700	1.578700
516	0.382700	0.234300	-0.087600	-0.243600	-0.659300	1.991200	-1.082300	0.000000	-0.392100	-0.733500	-1.080100	0.042700	0.141900	-0.142300	0.873100	-0.055700	0.377200	0.312600	-1.481900	0.173800
517	0.219500	0.065700	-0.002300	0.038300	0.028800	0.195000	-0.052100	-0.040100	0.364900	-0.004100	-0.112400	-0.063800	-0.362500	0.000000	-0.274500	-0.135000	-0.162900	-0.139800	-0.091700	0.204500
518	-0.261600	0.000000	-0.452300	0.938200	0.766700	-0.471200	0.315100	1.260800	0.855300	0.166300	-1.053500	-0.100500	0.979100	0.419500	1.148800	0.645400	-1.005300	-0.924100	-1.562600	-1.095200
519	-0.707300	-0.294600	-0.282900	0.370200	0.000000	-2.736200	-0.262100	0.271000	-0.175300	-0.119400	-0.334000	-0.238700	-0.012400	0.025600	0.109300	-0.083800	0.211200	-0.151600	-0.104700	0.202100
520	0.214700	0.034500	-0.794700	0.043400	-0.230600	-0.868600	-0.440200	0.075700	0.205300	0.198800	-1.029700	-0.473000	-0.292300	-0.373100	0.000000	0.085400	-2.116000	-0.753400	-1.137100	0.111000
521	0.000000	2.308000	0.978200	3.327200	4.294000	4.906300	1.601500	2.793600	2.442700	1.869700	1.104500	1.203600	2.151100	1.746500	2.950200	1.817800	1.766400	1.013500	0.865400	2.175700
522	-0.063300	-0.243500	-0.600000	-1.057100	-1.344600	4.248200	-0.652000	0.136500	-0.547300	-0.102800	-0.833400	-0.343900	0.000000	-0.206900	0.076500	-0.802900	-0.210400	-0.295000	-0.400700	0.141200
523	3.966200	3.091200	1.039100	4.245900	3.532100	7.101700	3.027500	5.720600	3.239200	2.884600	1.254500	2.606500	4.687100	2.590500	5.049400	2.356000	1.204700	0.504300	0.000000	3.011900
524	1.663900	0.880300	0.178900	1.293400	0.439500	4.092700	0.000000	1.250000	0.999600	0.961100	0.652800	-0.050300	1.048800	0.451400	1.271400	0.921400	0.792200	0.209700	0.026300	1.555900
525	4.083300	2.758300	0.000000	2.217900	1.417000	6.204600	3.811900	4.049400	3.931500	2.579700	0.714900	2.179400	4.778100	3.055600	4.144200	3.052100	17.127700	13.179600	6.456900	7.117500
526	0.153000	-0.014800	-0.274500	0.423700	0.022700	0.137900	0.000000	0.391200	-0.094400	0.096800	0.291500	-0.070100	0.195100	0.082900	0.125100	0.020000	0.090600	-0.022200	-0.080300	0.368300
527	0.000000	1.639300	1.678100	2.409900	2.218700	1.638100	1.643100	2.127200	1.934700	1.666800	1.404500	1.553600	1.148700	1.368000	0.806400	0.104500	1.458500	1.433700	1.090400	1.717800
528	0.826500	0.971100	0.739300	1.660400	1.085200	0.080300	0.862100	0.991600	0.614900	1.560800	0.935100	0.927100	0.000000	0.910900	-0.344100	0.376100	1.130700	0.371700	0.770600	1.351900
529	1.176000	-0.217900	-1.183200	0.737100	0.555700	0.937500	-0.432500	1.465900	1.339800	0.574600	-1.251600	-1.031700	0.778100	0.000000	2.258900	0.239000	-0.401500	-0.374900	-0.451200	1.027300
530	2.137100	1.124900	-0.280200	1.620500	0.698700	4.384500	0.000000	2.001200	1.550400	1.404300	-0.667000	-0.032900	1.599500	0.698500	2.442600	1.248000	0.937600	2.874700	-0.819200	0.884500
531	0.561400	0.068100	-0.102000	0.517800	0.008400	-0.176900	0.129000	-0.172700	-0.205800	0.780600	-0.490800	0.000000	0.039700	-0.028900	0.421100	0.674200	0.083600	0.355600	0.272600	0.865400
532	1.094000	-0.043600	-0.306200	-0.751000	-1.269300	2.809100	0.270500	0.000000	0.662300	0.341000	-0.520700	-0.000300	1.150800	0.693100	1.952700	1.067000	-0.716400	-0.388700	-0.676000	0.546800
533	5.961800	4.315700	1.492600	5.657800	5.493100	13.684600	5.058000	6.216200	6.228700	4.683200	1.069500	4.019300	6.081100	4.508000	6.754800	5.595300	4.193500	2.621500	0.000000	3.860700
534	2.664100	1.405100	-0.413800	0.000000	-0.556900	4.268100	2.880800	0.652900	1.772000	1.367500	-1.125700	2.561700	2.411000	2.209500	3.014800	2.475300	5.479300	4.922200	3.826100	1.608700
535	1.608200	0.265800	-0.589800	0.672500	0.298100	4.657300	0.432600	1.070600	0.699300	0.041800	-0.663400	-0.050900	0.000000	0.304300	0.856300	0.095500	-0.205600	0.089200	-0.078600	0.068500
536	4.999300	3.391100	0.000000	2.732900	1.442700	7.550700	5.131900	4.297700	4.160400	3.446400	0.417500	4.293400	3.983100	3.890700	4.627200	2.759600	10.315700	2.223000	2.163500	3.608400
537	3.944100	3.412400	0.214700	1.707600	0.735800	7.314200	2.119300	1.480200	3.364200	2.830200	0.000000	2.393600	3.172600	1.443600	4.176400	1.705600	2.304100	2.360100	2.259500	2.808100
538	1.665900	0.783400	-0.990900	0.192700	-0.630500	3.897900	0.000000	1.101200	1.275300	0.702600	-1.405600	-0.318500	0.592200	-0.050600	1.328200	0.407000	1.049300	1.043600	1.001200	1.358100
539	0.901800	1.313000	0.192500	1.102400	0.639600	2.173200	0.000000	1.940600	1.572300	1.552500	0.443100	0.381100	1.196900	0.682400	1.644000	1.273200	0.908000	0.839600	0.583400	1.136200
540	0.000000	1.496700	15.825500	10.486700	15.694200	9.074900	25.336720	10.163900	6.743500	5.672800	14.092800	22.880620	15.887000	20.336700	13.622600	13.053200	57.322500	46.630500	41.249300	14.742100
541	-0.994200	0.689700	0.442700	2.105300	2.970700	6.831400	-0.399400	1.822900	-0.105200	0.660400	0.393500	-0.449200	0.257900	0.130200	0.000000	0.101000	0.484400	0.312700	0.224100	0.685200
542	5.502300	4.060100	0.000000	3.167800	2.529700	8.720300	5.205900	4.902000	5.100900	3.511300	0.257700	3.298400	4.646900	2.721400	5.578300	3.649200	8.614800	6.352800	3.699400	2.308600
543	3.549300	3.009000	2.496200	3.803200	5.764600	0.000000	3.531300	2.311400	2.511200	3.953000	2.388300	3.664000	3.560600	4.013200	3.675100	3.804800	8.678200	12.489300	10.809300	9.535000
544	3.286300	1.796200	0.697000	0.000000	-0.530100	-0.996600	1.682800	1.772200	3.163200	1.715500	-0.332100	1.207500	1.694500	0.936100	3.920500	2.806600	0.176400	-1.040700	-0.747600	2.070000
545	6.010700	4.480200	3.650700	3.687800	5.076800	13.830600	5.755000	5.186300	5.275500	5.045000	2.461300	4.813700	6.727200	4.753300	6.470800	5.745300	0.000000	3.043500	2.117600	3.896600
546	5.301200	3.250600	0.000000	3.485100	3.227000	4.167600	3.850100	2.733200	3.882000	3.361900	-0.424800	2.656000	5.139900	2.574300	5.831900	4.230400	21.661020	11.201000	5.535200	14.743100
547	0.883600	-0.994200	6.022000	1.375700	3.794000	1.788300	15.605400	0.751000	0.000000	0.312000	8.033000	10.323700	13.328000	4.689400	8.012000	4.699400	50.358300	47.827400	37.999640	34.135580
548	3.460400	1.715700	0.122200	2.746100	3.364800	9.500800	2.753800	2.845300	2.414700	2.121700	-0.607400	1.850200	3.075100	2.502800	3.958800	3.028800	-0.240700	0.000000	0.250800	1.874100
549	2.513600	0.761800	-0.862700	1.087700	4.045100	3.669200	0.458900	0.884300	1.280300	1.054400	-0.881600	0.000000	1.526100	0.959300	2.506400	0.493400	2.611500	0.872300	0.064000	2.301000
550	4.236000	2.127000	2.837500	0.000000	0.797300	5.618400	9.691000	2.488700	4.121600	2.260000	0.604100	5.516900	6.151100	4.323600	5.833000	4.572600	15.857100	17.695600	10.516300	8.824500
551	1.776900	0.000000	11.757700	5.001900	7.684800	6.680700	22.349790	5.191300	1.080800	1.066500	10.132200	18.922800	14.779000	14.275800	11.248400	9.924600	42.764200	34.303590	30.515140	49.990300
552	0.247300	-0.627500	-0.610000	-0.744900	-0.964300	4.150600	-0.903700	0.142600	0.000000	-0.941100	-1.734000	-1.106300	-0.706600	-1.147800	0.200400	-0.335400	-0.096800	-0.590100	-0.696000	-0.149300
553	0.031700	0.000000	0.262200	3.462000	1.848100	1.456500	0.613200	0.740900	0.005000	0.394800	0.142300	0.148800	0.780200	0.081500	1.062200	-0.110800	2.405200	1.321500	0.966100	1.729300
554	0.000000	2.973900	2.595900	4.215400	4.029300	7.970800	2.634400	3.763000	3.477600	3.382900	3.171800	2.532700	2.925800	2.283200	2.695600	2.318500	2.960900	2.759600	2.362000	2.757000
555	2.682400	1.412100	-0.226800	0.939400	0.000000	2.618200	0.646400	1.345900	2.243100	1.104500	-0.133400	0.374600	2.687600	1.157100	3.493600	1.322400	1.327300	0.291400	-0.064600	0.804800
556	0.422500	0.023600	0.314800	0.963300	0.637900	-0.876600	-0.008900	0.519900	0.000000	0.609600	0.059200	0.071400	0.174100	0.301000	-0.228800	0.285000	0.103900	0.326300	0.278100	0.701500
557	4.645500	3.608200	1.894200	2.405900	2.136700	1.754500	4.431300	4.212100	4.713000	3.639300	1.711000	3.894800	3.208900	3.827100	5.030900	4.577500	2.997900	0.000000	0.218100	4.248700
558	0.375300	0.391500	-0.362400	0.435900	0.291800	0.131200	-0.009200	0.458000	0.423100	0.456600	-0.289300	0.000000	0.061000	0.099500	0.252400	0.350300	0.408000	-0.047200	-0.093700	0.581300
559	1.130500	0.626000	-0.143000	0.904400	0.593100	1.728300	0.387700	0.496100	1.317200	0.742000	-0.236300	0.010000	0.396300	0.326400	0.000000	-0.114200	-0.055500	0.335300	-0.067400	0.454300
560	5.490600	5.021100	4.807500	4.547000	4.199900	5.029800	0.000000	5.336500	5.326400	4.612700	4.015800	3.239300	5.658800	5.164600	6.450900	4.535100	4.909500	4.224200	4.154600	4.607400
561	0.234100	-0.251500	-0.469000	0.161600	-0.425500	0.223800	-1.076100	-0.694600	-0.626500	0.064600	-0.689500	-0.571300	0.000000	-0.444100	0.246000	-0.568800	-0.310200	-0.296500	-0.426900	-0.040400
562	6.662200	4.768600	4.115100	4.460200	3.333300	3.048600	5.463000	6.996700	6.181500	5.155500	2.177100	4.914900	5.996600	5.349100	6.805800	5.334000	0.000000	1.697300	1.060300	3.553200
563	2.231300	0.481900	-1.155300	1.111100	1.205200	5.691000	10.677000	0.294600	1.320400	0.000000	1.133700	5.952100	2.573500	3.197000	2.376200	0.278000	26.676610	12.173800	8.353900	2.863200
564	4.472700	3.755700	3.246300	2.960900	2.916900	7.708100	2.367400	2.521100	2.876900	3.450800	1.240300	1.469700	4.705000	3.204600	5.302700	3.473900	1.754900	0.284800	0.000000	2.237300
565	0.021600	-0.413300	-1.157900	-1.020800	-1.631800	1.930500	-0.636100	0.000000	-0.672200	-0.481800	-1.810300	-0.982900	-0.164200	-0.558300	-0.434900	-1.565700	0.013600	-0.681700	-0.815100	0.034500
566	0.000000	5.395600	23.668700	20.824780	26.257480	20.478790	20.163680	19.497200	9.568300	11.048200	18.161900	21.324400	22.166580	22.861140	21.932920	21.022630	47.486200	44.151600	40.335100	87.634200
567	1.181600	0.917500	0.404700	1.803500	1.121100	-0.694100	0.739700	1.866100	0.679600	1.419700	0.399900	0.857200	0.000000	0.756700	-0.227200	1.147500	0.995800	0.660100	0.679000	1.200300
568	0.787800	0.254900	0.509500	0.675800	0.464300	-0.761400	0.000000	0.723800	0.797400	0.832800	0.661600	0.458100	0.031400	0.367100	0.500700	0.490100	0.427700	0.554100	0.466800	0.718800
569	0.042800	0.001700	-0.270500	0.009300	-0.448300	-0.878700	-0.345900	0.225700	0.055400	-0.316800	0.056400	-0.337700	-0.340100	-0.731700	0.002400	0.000000	0.077500	0.028600	-0.073500	0.029100
570	1.767800	0.670800	0.529200	3.593400	3.605200	1.673600	0.996000	1.480500	1.497200	1.027400	-0.341100	0.002400	1.876800	1.637200	0.944700	0.000000	1.805300	0.399400	-0.036100	-0.008100
571	1.126200	0.058000	-2.183500	-0.316300	-1.196200	4.512600	0.068200	-0.265400	0.502100	-0.260300	-2.012300	-0.567600	0.161200	0.000000	0.854000	0.640300	5.355100	3.036000	2.823300	3.005000
572	5.606100	3.495800	-0.042700	1.277600	0.000000	5.627600	4.905100	2.649800	4.802100	3.258900	0.305200	2.635200	3.754300	2.607400	4.369600	2.830000	9.159300	2.704100	1.745200	3.159100
573	1.182900	1.475300	0.000000	0.964500	0.821000	0.250800	0.891500	1.035400	1.774100	1.424900	0.175700	0.240400	0.995400	0.597400	1.760600	1.603800	-0.373800	-1.452100	-0.058600	0.795800
574	2.046000	0.016800	-1.565300	-0.262000	-0.737100	4.320300	-0.685200	0.294200	0.245400	-0.282100	-1.855500	-0.895000	0.000000	-0.221900	-0.030200	-0.166200	-1.978000	-1.415700	-2.031700	-0.375800
575	-1.060100	0.166300	0.064600	0.978300	2.353600	5.661300	-0.097000	0.271800	-0.188800	-0.073600	0.169100	-0.280700	0.000000	-0.129400	-0.183600	-0.352800	-0.037800	-0.156200	-0.190800	-0.211900
576	-1.326900	0.805600	0.291400	3.044800	3.070900	4.210300	0.454400	1.506000	0.583800	0.445200	0.499400	0.328700	0.476900	0.348500	0.270900	0.000000	0.401400	0.289400	0.279900	0.255100
577	0.404800	0.291500	-0.025000	0.165900	-0.029600	3.923700	0.217000	-0.150300	-0.177100	0.004700	0.000000	0.105100	0.288500	-0.223800	0.715100	0.392900	0.310500	0.107000	0.052300	0.682600
578	1.818600	0.792700	-0.373100	-0.040800	0.346600	-0.593400	0.668300	0.481600	1.660400	0.676500	-0.002600	0.158900	0.000000	0.346500	0.633800	1.044500	0.804300	0.274800	0.165600	1.094400
579	3.907300	2.097100	0.712000	0.000000	0.766800	4.806800	2.157900	2.599500	3.192200	2.242100	2.091700	2.634100	3.740400	2.314800	3.109600	1.011200	3.390900	2.390300	2.038100	3.565600
580	1.132700	0.333400	-0.438500	-0.134200	-0.812400	-0.093600	0.448100	0.301800	1.049600	0.368000	-0.241200	-0.030600	0.000000	0.006900	1.130400	0.779000	0.800500	0.126500	0.042500	1.148900
581	4.895200	3.228000	0.247900	0.669800	0.000000	5.177100	4.241700	3.122200	4.582900	2.870900	1.610300	3.182800	4.545600	3.389100	5.196800	3.258400	22.386020	13.935200	8.333900	24.655310
582	1.718100	1.444900	-0.195700	0.540200	-0.182200	0.699900	0.352600	0.631700	1.243000	0.990600	-0.080600	0.346600	0.708900	0.754600	0.836300	0.774500	0.000000	-0.014600	-0.105400	1.125000
583	1.968100	1.570400	-0.503000	1.518700	1.009900	1.496600	0.711900	0.000000	0.286700	1.663300	-0.382400	0.964200	2.157600	1.363100	2.267000	2.083800	3.193100	1.040600	0.528400	2.241000
584	1.176900	0.811500	0.569900	0.822800	0.611100	0.930100	0.000000	0.740100	0.610700	0.879100	0.661000	0.119000	1.127900	0.592400	1.626800	0.748000	0.937200	0.966300	0.988800	1.520400
585	0.214600	0.072500	-0.167400	0.250000	0.601300	1.002900	-0.403800	0.581900	0.184700	0.263600	0.009500	-0.554200	0.000000	-0.251700	-0.033000	-0.063100	-0.325600	-0.241200	-0.278700	0.157500
586	0.000000	2.863700	2.528800	5.013000	4.886900	6.955600	3.728000	3.688800	4.032800	4.016500	3.604600	2.779000	2.924600	2.534300	2.897200	2.498000	2.193500	2.550600	2.275200	2.629500
587	1.118000	0.260500	-0.010900	0.354700	0.053200	2.418600	0.360500	0.781300	0.183800	0.587400	-0.056800	0.345400	0.000000	0.195400	0.055500	0.654700	0.531100	0.282200	0.198300	0.934200
588	1.505600	0.849300	-0.791900	0.688600	-0.082800	0.196600	0.520700	1.551500	1.346200	0.342900	-0.396300	0.000000	0.569400	0.564000	0.999800	0.793600	1.482900	0.991900	1.084400	1.626700
589	2.177100	1.265900	-0.168900	0.621600	-0.246700	4.058000	0.399300	0.635000	1.035400	1.148300	-0.374200	0.000000	0.569600	0.078900	1.534300	1.586500	0.565200	0.532500	0.465300	1.226000
590	1.010800	0.455200	-0.699300	0.322300	0.252300	-0.417500	0.266700	0.959400	1.114700	0.507900	-0.366800	0.000000	-0.049800	0.364700	0.889600	0.573600	0.232300	-0.066900	-0.394400	0.807000
591	5.629100	4.300800	0.000000	3.536100	4.043700	7.530400	8.785800	5.973900	5.572700	3.329700	-0.150100	3.305300	4.895200	3.971700	5.130500	3.708800	14.789900	10.749900	2.919800	4.604700
592	1.840300	0.470400	2.053600	0.095500	0.065500	5.048300	0.000000	1.077000	1.681700	0.416400	-0.389800	0.000000	1.840300	0.470400	2.053600	0.095500	0.065500	5.048300	0.000000	1.077000
593	4.543200	3.029600	4.169600	2.403000	2.361600	0.000000	7.784400	3.871400	4.140300	2.891000	2.052000	5.076800	5.360200	6.009000	5.123700	5.996700	17.958100	14.904900	12.260500	45.190100
594	2.087800	0.704700	-0.343600	0.583600	-0.030200	4.813800	0.061500	1.416000	1.511300	1.324800	-0.554500	0.000000	1.125500	0.319500	1.747500	1.474300	0.349700	0.356700	0.315900	1.301000
595	5.969900	4.539700	2.857900	2.965400	3.682100	4.698400	3.673500	4.695100	5.457800	4.263900	1.959900	3.142500	5.153700	3.889000	5.891500	4.942000	0.000000	1.617000	0.923800	3.880700
596	3.225600	2.180900	0.000000	1.325400	1.003200	1.254200	1.862600	2.140400	1.994200	1.781900	-0.536300	0.947800	1.581400	1.562500	1.029500	1.446200	3.610800	5.517800	5.853000	7.955200
597	6.320400	4.285100	3.567100	2.383800	3.840300	2.717000	5.948700	4.039200	5.824900	3.335600	4.864100	5.428600	4.573900	8.048700	0.000000	3.554400	34.628490	6.397000	7.350200	27.851620
598	1.685600	0.000000	-0.638300	2.103200	2.499000	4.227500	0.162300	1.183600	0.411300	0.332700	-0.225500	0.050500	-1.550900	-0.097600	1.615800	1.212500	3.104000	2.426400	2.098000	2.614400
599	6.493400	5.435700	3.747300	5.082600	4.217100	8.360900	0.000000	5.573300	5.674200	5.729500	3.753600	4.334200	5.662000	4.509300	6.348700	4.936900	4.708000	4.575800	4.874100	5.858700
600	3.462200	2.303900	0.329400	0.000000	-0.062800	2.164800	2.313900	0.944000	2.210200	1.042800	-0.621200	1.089700	3.141100	2.252000	3.716100	2.746000	9.687100	8.298600	9.680600	4.364400
601	2.882900	2.239900	-0.347400	1.420600	0.716400	3.968300	1.263100	2.930100	2.100400	1.873800	0.161200	0.989500	2.065700	2.039100	3.170100	3.313600	1.730900	0.000000	0.919900	2.067800
602	0.463400	0.000000	-1.527700	-0.159300	-0.637700	4.453900	-0.557700	0.409300	0.284900	-0.013500	-0.969700	-0.881700	-0.665100	-0.698900	-0.185000	-0.062400	-1.331600	-1.281000	-1.401600	0.018100
603	5.637500	5.386200	4.013800	5.028200	4.354100	4.280800	5.291500	4.781100	5.003600	5.030000	4.090200	5.367800	1.750200	4.529600	0.000000	3.524500	3.752400	4.335800	3.911900	4.377300
604	2.232100	1.505100	1.144700	1.115800	0.833200	0.000000	1.428500	1.794300	1.092700	1.889000	0.768900	1.192200	0.862100	1.134200	2.000200	2.232200	1.949800	1.856400	1.279500	2.673300
605	1.159700	0.541000	0.237300	1.038400	0.466100	1.138800	0.894400	1.184000	0.669800	1.300700	0.000000	0.609200	0.372100	0.462100	0.689300	0.261700	0.355900	0.043600	-0.111100	0.963700
606	0.752500	0.000000	-0.316300	0.938800	0.423900	0.013900	-1.394700	1.257500	-0.027200	0.495600	-0.450000	-0.728000	0.417600	-0.342400	0.838000	-0.131000	-0.367300	0.126700	0.004800	-0.234800
607	4.080200	2.960000	0.000000	4.137700	2.769900	9.064800	3.711400	3.899100	3.305800	2.990100	0.121600	1.251900	5.001200	3.078100	5.211100	2.667900	3.066400	6.819700	5.315600	2.761200
608	1.263500	0.476300	-0.208200	0.824700	0.104900	2.979500	0.336900	1.119800	0.566100	1.084300	-0.475200	0.000000	0.496900	0.402200	1.039300	0.385200	0.011800	-0.020300	-0.252700	0.544500
609	0.675600	-0.014100	-0.560200	0.436100	-0.391300	1.249200	-0.063500	0.529500	0.306600	0.633600	-0.353800	-0.016900	-0.203000	-0.064300	0.000000	0.085300	-0.118400	-0.276300	-0.317500	0.748500
610	5.854700	4.331000	1.256500	4.666200	4.133400	8.078800	4.897700	4.821700	4.849600	4.581100	1.042200	4.596200	5.322700	3.702400	6.132900	5.009000	1.698000	1.057600	0.000000	3.829700
611	2.353300	0.985400	-0.345100	0.245900	-0.677600	5.888000	0.258300	1.404700	1.242900	0.999200	-1.169100	0.000000	1.272400	0.646100	2.831000	1.909300	2.826700	1.160000	1.565100	3.156000
612	1.229500	-0.081000	-0.674500	0.057600	-0.377800	2.997100	-0.521300	0.497600	1.077800	0.522200	-0.688300	-0.953500	0.000000	-0.371300	0.921100	0.414600	0.006500	-0.426300	-0.513800	0.386800
613	4.681700	3.112400	0.221400	2.389700	1.562400	8.541100	4.967000	3.643400	4.405200	4.027200	0.487500	5.287400	3.556300	3.692800	4.375800	4.301900	2.476700	0.856400	0.000000	3.014000
614	2.112300	0.000000	6.490300	3.195000	5.647600	4.454900	21.380200	2.466400	1.453900	2.308300	5.991500	12.671700	9.460800	10.279400	5.733700	3.954900	34.621550	22.335340	18.778600	41.104800
615	0.062900	-0.561500	0.360900	0.407300	0.240600	4.070500	0.155300	0.562600	0.000000	0.392300	-1.339200	0.115800	0.973000	0.419900	4.504800	3.091600	2.821600	5.188100	5.147500	4.200700
616	0.000000	3.520000	3.098700	5.462300	5.063600	8.835500	2.659600	6.382700	4.587300	3.822500	2.995200	3.359100	4.313100	4.153200	4.356000	4.287300	2.905500	3.468400	4.193900	4.526000
617	1.757800	1.224800	0.338200	1.963600	1.330500	7.229400	0.000000	2.100400	1.021100	1.372600	0.731000	0.036900	1.350900	0.492000	1.460600	1.077100	1.372800	0.903200	0.629700	1.561300
618	1.066100	0.642500	0.154100	0.696700	0.281800	3.518000	0.106100	1.360200	1.216200	1.151300	-0.124300	0.000000	2.282500	0.780700	1.896900	0.855200	0.494200	-0.953900	-0.236300	0.416500