SITE	GLY	ALA	LEU	VAL	ILE	PRO	ARG	THR	SER	CYS	MET	LYS	GLU	GLN	ASP	ASN	TRP	TYR	PHE	HIS
181	-0.931800	-0.479700	-0.168300	0.860200	0.671000	0.000000	-0.669100	-0.419200	-1.509000	-0.239100	-0.666500	-0.357600	-0.459600	-0.393700	-0.665500	-0.555900	-0.437600	-0.110600	-0.114000	0.065900
182	0.058800	-0.355600	-0.355000	0.003700	-0.093100	-0.992200	-0.314200	0.017300	-0.052800	0.202400	-0.461000	-0.385800	-1.750800	-0.653700	-0.223500	0.000000	-0.191700	-0.145500	-0.197600	0.291400
183	2.741400	1.774800	1.143000	1.713600	0.704000	0.946100	1.496000	2.527900	2.057900	2.017800	0.000000	1.351200	1.253100	1.808700	1.006700	1.738700	1.480400	1.518500	0.703700	1.849500
184	5.052700	3.825200	0.000000	3.873400	2.733000	5.785200	7.733600	4.463200	4.248700	3.214800	1.758500	3.542900	5.784900	3.299200	6.150700	4.266100	12.043700	5.965500	3.183900	3.741000
185	0.967900	0.589600	0.588600	0.939100	0.671700	2.274800	0.000000	0.715800	0.573000	0.897200	0.361700	-0.001600	0.636200	0.790800	0.810200	0.891900	0.568100	0.465500	0.278300	0.818000
186	1.107900	0.506500	-0.290300	0.905700	0.681500	-0.779900	-0.504300	0.928000	0.840600	0.666800	-0.011700	0.000000	0.008300	0.288700	0.907100	0.679600	0.493800	-0.037200	-0.267600	0.865200
187	-2.223100	0.936800	0.244900	3.012400	2.561000	4.381200	0.000000	2.117700	0.680000	0.739000	0.228900	0.402100	0.600800	0.258700	1.998300	-0.335500	1.771500	0.679200	0.620700	-0.360600
188	1.317200	0.540400	-0.145200	0.106600	-0.446800	4.113600	-0.048200	0.000300	0.383300	0.325400	-0.244000	-0.358500	0.472400	0.000000	0.563500	0.045000	0.428900	-0.530900	-0.283700	0.525100
189	4.252500	3.450800	-0.044100	2.439300	1.550700	4.175500	2.301000	2.784700	3.887000	2.472800	0.000000	1.880400	2.612100	1.945500	2.145600	2.993500	3.768300	3.881000	4.170700	3.373800
190	1.906800	0.837200	-1.144300	0.757500	1.500700	4.365900	-0.169200	0.000000	1.171200	0.619900	-0.767900	-0.407500	0.640700	0.100200	1.189100	0.924600	1.364700	-0.585000	-0.725200	0.672800
191	1.958800	1.462700	-0.878700	0.000000	-1.059600	0.585700	0.481700	0.642900	1.896800	0.279700	-1.215600	-0.605800	0.310700	0.599300	1.048400	0.078900	1.499000	1.363400	2.312900	2.549000
192	3.657900	2.823000	0.000000	3.319200	1.820500	2.580300	1.773000	4.076300	3.626100	2.606900	-0.379500	1.075900	2.588500	1.816100	2.983200	2.507700	1.722600	0.636800	0.108700	2.211600
193	0.133800	-0.066000	-1.064600	-0.221100	-0.729100	-0.765900	-1.271400	0.195700	0.406700	-0.086800	-1.355300	-1.404400	-0.597900	-0.400000	0.000000	-0.006200	-0.882500	-1.034500	-0.774600	-0.026300
194	3.663400	2.818700	0.000000	1.704400	0.992100	5.525300	2.358900	3.192900	3.242200	2.345000	-0.348600	1.930800	2.641800	2.485100	3.136700	2.785800	1.935100	0.527500	0.162400	2.227500
195	0.781600	-0.037800	-0.013800	0.160400	-0.575400	-1.280800	-0.272400	1.153700	0.949700	0.362600	-0.704500	-0.423600	0.365200	-0.502300	1.086800	0.789200	-0.566300	-0.950200	-0.501400	0.000000
196	2.548200	1.943400	0.490700	1.871300	1.604800	0.000000	2.697400	1.263300	1.534100	2.099400	-0.138600	1.503200	3.155600	2.853300	2.928000	2.561100	5.064400	6.169500	4.164000	2.622300
197	0.000000	2.219500	6.089300	6.671700	6.880100	6.187300	6.742800	6.054900	5.334900	4.649600	5.069200	4.943900	6.217800	4.371200	5.585100	3.400400	14.195100	26.482200	15.168000	45.441910
198	0.596000	0.002700	-1.008800	0.019200	-0.655700	1.279200	-0.244500	0.094100	0.000000	0.035100	-1.093700	-0.522200	-0.080500	0.142800	0.137100	0.123500	-0.296100	-0.279800	-0.340100	0.386600
199	0.000000	0.979000	0.341600	2.494100	2.333200	5.312200	0.629100	2.971000	1.202500	0.883300	1.148300	0.139000	0.412500	0.534700	0.488800	0.307300	1.515700	0.470800	0.312200	0.433800
200	1.366600	-0.001200	-0.078900	0.396000	-0.084200	-1.050400	-0.288000	2.130100	1.728800	0.902700	-0.631600	0.000000	1.325200	0.485100	1.971900	0.087700	-0.186300	-0.775500	-0.533600	0.625000
201	2.523400	1.591800	-0.144000	1.203600	0.454700	0.843800	1.262800	0.000000	1.146300	1.480400	0.659700	1.835700	1.913300	1.077500	2.419400	1.951800	2.288500	2.124700	2.061900	3.216000
202	0.679200	0.528300	-0.071500	0.544100	0.342200	1.157900	0.000000	0.595300	0.581900	0.607000	-0.412500	-0.196400	0.387600	0.450300	0.626700	0.700700	-0.601400	0.180300	-0.054000	0.761200
203	0.415100	0.275100	-0.253300	-0.037700	-0.023800	2.205400	-0.300200	-0.544200	-0.518500	0.300500	0.269000	0.000000	-0.254300	-0.230600	0.775900	-0.059700	0.019500	0.154300	0.089900	-0.016600
204	2.087900	1.545400	-0.255900	1.066600	0.000000	1.362300	0.853200	0.848500	0.848900	1.582700	-0.421600	0.492900	1.180400	0.587000	1.160500	1.051600	0.456000	0.409100	-0.223200	1.553200
205	6.155000	4.394500	0.000000	3.254100	4.855800	10.139100	9.972400	4.008000	6.129300	4.130600	0.910900	3.375400	6.101800	2.940600	6.434700	4.867100	15.812400	9.740200	4.149900	5.021900
206	3.628800	2.680800	2.259200	2.185400	1.818700	0.000000	1.224500	2.292900	3.055000	2.749500	2.127200	1.446800	2.946300	2.324200	3.819600	2.502400	2.441300	4.379900	5.055000	1.801200
207	0.809900	0.147600	-0.411600	0.315700	-0.292600	-0.270300	-0.067000	-0.269300	0.002100	0.274600	-0.515100	0.047700	-0.049200	0.000000	0.481200	0.123000	-0.404400	-0.168900	-0.071500	0.209200
208	5.168200	3.492900	1.086000	0.992500	0.000000	4.084300	7.350000	3.270300	4.033900	3.339700	0.234300	5.657200	5.292500	3.649300	5.345800	4.264300	9.556300	5.911800	3.994300	6.740300
209	6.273100	3.960000	0.094400	0.961000	0.000000	7.070000	7.742000	2.892200	4.440700	3.709200	0.669700	5.924300	5.576100	3.901500	5.942900	3.231000	19.054100	16.386400	8.328900	9.527000
210	1.340700	0.402100	-0.243500	0.311600	-0.424900	3.533600	0.102600	0.669700	0.767000	1.103300	-0.652600	0.000000	0.380800	-0.077500	1.033700	0.868300	-0.007000	0.083200	0.328000	0.638200
211	1.549700	0.080600	-1.009000	0.659600	0.057500	2.500400	0.677000	1.932100	0.897400	0.573600	-1.292500	0.331800	0.005900	0.045000	0.000000	0.457400	-0.931900	-0.224100	-0.457300	1.147300
212	2.186500	0.000000	4.111000	1.746700	3.104200	6.659700	14.139300	1.447800	1.151600	1.906500	4.202100	10.834400	8.270700	6.560500	6.861100	5.296900	23.411900	23.533400	17.770400	30.083600
213	3.546300	2.460900	-0.350300	1.477000	0.000000	5.234500	2.386100	1.361700	2.575500	2.145200	-0.539600	2.218300	3.152300	2.539200	4.070400	3.042000	1.042000	1.916900	1.807200	2.957000
214	1.300800	0.277600	-0.244600	1.032600	0.365600	4.294700	-0.185300	0.782500	0.483300	1.036000	-0.189600	-0.199200	0.710200	0.000000	1.506100	0.453300	-0.081100	0.074300	-0.120100	0.850800
215	1.624900	1.589000	-0.207800	1.950900	0.895700	4.841400	0.834300	2.109500	1.422200	1.817900	-0.428700	0.044600	2.002300	0.000000	2.379200	-0.143500	0.148200	-0.008100	0.013400	0.554500
216	0.364900	1.704500	1.445300	3.152200	3.806100	6.072400	0.000000	2.675400	1.626000	1.468200	1.224100	0.047500	1.715100	0.805400	1.774600	0.577900	0.901200	1.208600	1.075400	0.143200
217	4.055100	2.744200	0.000000	1.823600	0.840100	8.068700	1.110600	3.461800	3.496300	2.396600	0.258000	1.032500	3.489200	2.147400	4.081000	3.364100	0.595300	0.371700	0.410500	1.757200
218	1.671700	0.573800	-1.322100	-0.403200	-0.952400	-0.035200	0.000000	-0.070900	0.961100	0.281200	-1.348800	-0.527800	0.632400	-0.314000	1.018400	0.098500	-0.684900	-1.336200	-1.523000	-0.418500
219	4.129300	2.046000	-0.657600	-1.147500	0.530700	9.576600	11.990300	0.000000	2.030300	1.401800	1.049800	7.040200	5.600000	4.321100	5.539800	3.909300	25.694880	18.890200	12.330200	17.325600
220	1.993800	0.000000	-1.506300	0.853900	1.174500	3.340400	15.477700	3.643400	2.640700	0.922600	0.921900	7.063100	2.111800	6.119000	3.706100	1.209800	26.627980	24.416400	22.563300	26.696040
221	6.113900	3.795300	0.864000	0.000000	1.905300	5.249700	12.256600	2.909600	5.151800	3.003400	2.828400	9.024700	7.230600	5.671100	5.802300	4.095400	27.406320	17.563800	13.732400	17.219300
222	5.906700	4.359200	0.000000	4.215500	3.086100	8.050800	14.158000	4.962000	5.673600	3.455800	0.766500	5.620400	5.381000	4.510000	5.810500	4.412100	11.144300	6.503900	2.818400	3.733600
223	1.485400	0.000000	3.547200	4.864600	4.274200	2.176900	14.520500	3.373600	2.016300	1.422900	7.089800	9.783200	8.142600	7.331300	5.518000	3.828400	21.836900	11.244600	9.151100	85.500200
224	3.975300	2.717400	2.133000	2.385300	1.747100	0.000000	3.627800	3.067600	3.708200	3.070900	1.591500	4.571500	5.260000	3.900000	4.858100	3.490800	17.726100	9.575400	9.298600	9.791000
225	0.954900	1.620700	-0.664300	-0.807300	-1.809500	5.706600	0.466400	0.000000	0.901700	0.097900	-1.211300	-0.242700	0.126000	-0.567000	-0.107500	-0.578700	0.712100	-0.220900	-0.442300	1.784600
226	0.707600	0.183000	-0.261100	0.430000	-0.273700	1.084100	0.000000	0.094300	0.423700	0.495600	-0.377200	-0.138700	-0.049800	-0.308400	0.168100	0.557300	-0.648000	-0.249000	-0.287800	0.450300
227	0.539100	0.242800	-0.390900	0.000000	-0.154100	0.068300	0.616600	0.296700	0.480500	0.818800	-0.779900	0.582200	-1.446600	-0.236800	-0.701200	0.386300	-1.266900	-1.292800	-1.613400	0.692100
228	2.615200	1.121000	-0.503000	0.000000	-0.119400	2.219500	0.620000	1.383600	1.961900	1.449200	-0.048900	0.060600	2.981300	1.390800	3.563400	0.810800	0.138000	0.481500	-0.582200	0.788900
229	1.031300	0.000000	-0.412300	0.591300	0.881600	0.216100	1.203800	1.014800	0.592900	0.483700	-0.103900	0.652000	0.525500	0.227100	0.796400	0.763100	1.473600	1.974700	2.319100	0.962900
230	0.689100	0.000000	-0.247900	0.428200	-0.332500	0.007000	0.136800	0.523000	0.378000	0.978700	-0.209200	0.070900	-0.190900	-0.307800	-0.002800	0.589300	0.162000	0.072700	-0.129000	0.287700
231	0.936000	-0.254900	-1.133700	-0.218600	-0.939800	0.969300	-0.107000	0.822100	0.210500	0.451000	-1.354000	-0.570600	0.000000	0.152000	0.354700	0.152600	-0.190400	-1.852700	-1.094700	0.335400
232	5.436800	3.275200	1.543200	2.671700	1.613900	7.319600	6.714700	4.530700	4.791400	3.601200	0.000000	2.867300	5.498500	3.735700	6.409600	4.548100	6.794400	7.749300	6.356800	3.646900
233	1.175900	0.000000	-0.895300	0.241700	1.255200	3.970500	-0.299200	0.891400	0.236700	0.003500	-0.876900	-0.526000	-0.295700	-0.780800	0.698500	-0.147700	0.099900	-0.283800	-0.351300	-0.389500
234	0.755800	0.013800	-0.492800	0.193400	-0.457000	1.542000	-0.337700	0.702100	0.091900	0.626300	-0.416700	-0.428900	0.000000	-0.251000	0.820000	0.611600	-0.374900	-0.468800	-0.679000	0.444100
235	1.804100	0.000000	2.249300	2.742600	3.016600	2.276900	2.499800	0.244300	0.090200	1.045100	0.202900	1.519100	2.118700	1.135800	3.323600	2.436200	7.647700	3.732900	22.196500	3.206400
236	5.054800	4.752000	0.000000	4.130000	2.823300	7.974300	7.283100	2.535100	4.885600	3.867500	0.302800	4.588100	4.410300	2.831600	6.600300	2.877400	14.809000	17.336300	8.262300	8.901700
237	1.435800	1.190300	0.881800	1.376400	1.103000	4.939100	0.000000	0.976300	0.827500	1.054900	0.897100	0.339200	1.050800	0.790900	1.686400	0.927700	1.138900	0.730000	0.750500	0.751900
238	0.000000	3.707400	3.914100	4.800400	4.725100	6.413400	3.704600	4.786100	3.905500	3.822600	3.727700	3.871800	3.864400	3.639100	3.833800	3.807000	3.756400	3.802700	3.807100	3.948900
239	4.309600	3.197900	0.000000	1.987300	0.881300	5.075300	3.253800	3.902900	4.291800	2.766100	0.134600	1.888800	4.041000	2.422300	4.581400	2.625100	8.039800	2.472700	1.724400	2.606100
240	2.875700	1.159300	1.187400	1.589200	1.670400	0.000000	2.131500	1.992600	1.621100	2.261700	1.570900	0.540400	0.839300	1.191900	1.074900	1.213300	0.492700	1.455600	1.384500	1.600400
241	5.377100	3.668100	1.029900	0.000000	-0.198300	6.719400	6.544200	1.647000	3.916800	2.760000	2.944800	6.503000	7.590400	4.648600	6.123600	4.288900	23.660200	15.722300	10.300900	7.419600
242	2.342000	1.542300	1.050400	1.858300	1.374800	5.707300	0.000000	2.356400	2.195500	1.660300	1.169800	0.828900	2.415800	0.766800	2.826700	0.591600	2.109600	1.351700	1.168500	1.512400
243	3.183800	2.554700	0.517600	2.107900	0.910500	1.846800	1.462600	2.433600	2.935400	2.113400	-0.105700	1.288000	2.047900	1.699000	2.712600	2.439400	0.591900	0.000000	-0.883500	1.897200
244	-0.123700	-0.534600	-1.553200	-0.496700	-1.118100	2.439900	-1.458900	0.489100	0.249400	-0.516600	-2.031200	-0.700100	-0.214600	0.000000	0.210700	0.207600	-0.908300	-0.457800	-0.766000	0.210400
245	-0.895800	0.269400	0.168000	0.463900	0.152800	2.998400	0.149100	0.000000	0.538200	0.191800	-0.299600	-0.033000	-0.024400	0.044800	0.202600	0.207700	-0.027000	-0.190300	-0.106800	0.079000
254	0.000000	0.158700	0.184900	0.259100	0.247000	0.242000	0.124200	0.172200	0.271300	0.135800	0.130200	0.094300	0.168100	0.115900	0.195800	0.160400	0.037700	0.078800	0.019400	0.110700
255	0.249700	0.294300	0.065900	0.406000	0.173000	0.433100	0.016200	0.365300	0.278700	0.393600	0.064600	0.157800	0.354000	0.087500	0.148700	0.000000	-0.113900	-0.041900	-0.064600	0.153300
256	1.305900	0.220000	1.226900	2.150300	2.810400	-0.369500	0.450800	1.509100	-0.303200	0.890400	-0.067400	0.088300	0.000000	0.743900	1.684300	1.564300	0.913800	0.034000	-0.172100	1.293300
257	1.801500	1.428500	-0.723900	1.024800	0.000000	0.150400	1.038300	2.249900	1.687000	1.266500	-0.217300	1.142900	1.390500	0.758700	1.792100	1.393800	1.064900	1.440600	1.313700	2.141800
258	5.535800	3.814500	1.647600	0.000000	-0.271800	3.662200	12.528200	1.889200	4.121200	2.868400	1.721400	8.773700	6.375200	3.822100	5.746400	4.164400	17.910200	17.486800	6.696000	5.553400
259	3.606300	2.067200	-0.299000	0.121300	-0.402700	4.875200	2.360100	1.099400	2.688100	1.514800	0.449300	1.841700	0.554200	1.006600	0.000000	1.133700	1.598900	1.337600	0.830900	2.455400
260	5.248900	3.477100	1.969100	0.000000	0.954200	7.297700	10.533200	2.584400	4.619700	2.523000	3.828500	10.144200	4.810200	3.935600	5.134400	3.504500	19.785500	13.492800	7.207300	15.457400
261	3.128000	2.656000	1.604000	4.357100	3.812200	4.871400	2.148800	3.411900	2.389700	2.579300	0.000000	1.899400	3.520000	1.984100	4.876800	2.453100	10.712500	9.454000	5.385300	19.860900
262	-0.488600	-0.693600	-1.179300	-0.364800	-0.682600	-2.547200	-0.069100	-0.135700	-1.572100	0.000000	-0.981100	-0.199200	-1.523000	-0.219700	-1.730800	-1.033000	-0.536100	0.115700	-0.214700	0.535600
263	2.140900	0.718900	-1.450200	-0.332300	-0.488600	1.774000	4.476700	0.732500	1.915200	1.172500	-2.446600	-0.037800	2.322000	1.009700	2.250700	2.158500	10.065000	5.212800	3.192400	0.000000
264	0.923700	0.000000	-0.628300	0.237900	-0.267200	0.749400	-0.730100	0.856900	0.887700	0.485600	-0.845800	-0.275100	-0.482700	-0.329400	0.394300	0.840100	-0.632300	-0.479800	-0.509700	0.952600
265	0.173500	-0.749900	-1.796400	-0.785300	-0.988100	-1.984300	-0.669200	0.000000	0.498800	0.397600	-1.011800	-0.969100	0.236700	-0.192900	-0.752800	-0.078900	0.163200	-0.626100	-0.998200	4.404000
266	5.586700	4.041500	0.000000	4.388000	3.124600	8.912700	7.656400	4.770000	5.731900	4.021300	0.054500	4.173300	4.547000	3.200700	5.555500	4.754000	4.280400	6.456900	1.406200	2.770700
267	2.210700	0.375400	-1.496400	-0.693200	-1.574500	2.634600	9.009100	0.000000	1.153900	0.737800	1.001900	4.504000	4.075800	2.557100	3.513800	2.179700	13.809100	20.246200	12.446700	21.309100
268	2.023000	1.095500	-1.338400	0.846000	-0.569000	3.432100	0.165700	0.996200	1.542300	1.382300	-1.370000	0.027300	1.306700	0.377200	2.573500	0.735500	-0.249300	-0.771400	-1.329500	0.000000
269	1.940100	0.567700	-0.210200	1.389900	0.555700	2.600400	0.000000	0.766500	0.792400	1.282500	-0.844700	-0.062500	0.886600	0.459400	1.682700	0.496100	-0.724400	0.407300	0.356000	0.387000
270	4.924000	3.535400	0.000000	4.165700	3.437700	6.863400	3.536300	4.006900	3.899400	3.291100	0.948300	4.021700	4.147500	3.663900	5.516300	3.024600	5.300700	9.109100	7.290600	4.399000
271	4.524000	3.438000	0.609800	2.930500	2.079500	4.417100	5.581600	2.400300	3.231800	2.447600	0.000000	2.215300	5.124300	2.224700	6.713900	3.628100	19.254300	14.848500	10.529100	13.759700
272	1.547500	0.893100	-0.444800	1.283700	1.243400	2.774800	1.869900	0.188700	0.000000	1.075000	-0.129400	1.371700	1.327400	1.375700	2.055000	0.832700	0.299900	0.814500	-0.085500	3.010600
273	0.807600	0.792200	0.592700	1.008300	0.861300	0.000000	0.779100	0.890000	0.828300	0.861200	0.213700	0.755000	0.623400	0.867300	0.487300	0.598800	0.648000	0.441900	0.416600	0.883500
274	0.192600	0.162600	-0.271400	0.609400	0.039100	1.241100	-0.143200	-0.450400	-0.273200	-0.223200	-0.472500	-0.249900	-0.149600	-0.369300	0.071600	0.000000	-0.469100	-0.520200	-0.620700	-0.060400
276	2.504700	1.306200	-1.330800	0.000000	-0.808600	1.033400	3.901000	1.347800	1.912700	0.791300	-1.701400	0.715900	1.719300	1.306800	1.511000	1.912300	4.244600	4.668400	4.247800	3.097500
277	1.835100	0.950100	0.975000	1.909600	1.354600	0.000000	1.369800	2.302900	1.853400	1.626800	0.906700	1.136400	1.175400	1.281200	1.883200	1.472500	1.167500	1.017000	0.954500	1.080000
278	0.345900	0.097400	0.087100	0.660000	0.465900	-0.576700	0.308000	0.603700	0.323700	0.472400	0.121800	0.048600	-0.293500	-0.150200	-0.127200	0.000000	0.196000	0.241200	0.222300	0.192200
279	6.858600	5.249100	3.930600	4.571400	5.686000	5.168000	4.756800	6.269700	6.786300	5.138400	2.641500	5.065300	5.995100	6.024600	6.792900	5.811300	1.351600	0.000000	1.321400	4.340700
280	0.756900	-0.143100	-0.475700	0.215500	0.114200	1.743800	-0.002800	0.598800	0.371600	-0.335500	-0.855300	-0.588700	-0.489100	-0.533700	-0.777700	0.000000	0.050100	0.359800	0.076700	-0.137200
281	5.671700	3.931900	0.000000	1.132800	1.794900	8.889100	7.135700	3.163300	4.241100	3.327400	0.640100	3.640600	5.468800	2.853100	6.000800	4.061400	10.572800	9.618500	3.697100	3.111600
282	6.593200	4.958000	1.811700	3.718000	2.910600	6.810400	5.546000	4.770200	5.956000	4.435200	1.298900	4.451100	5.725100	4.621300	6.489200	5.418600	1.728300	0.885500	0.000000	3.738400
283	6.210800	4.068600	1.090200	0.000000	-0.624400	5.689300	10.916800	2.884300	5.160700	2.964800	3.128500	6.632600	7.058300	4.481600	5.742500	3.885600	17.824900	9.595500	7.090400	6.547000
284	5.019800	3.287000	1.243000	0.121200	0.804700	4.998500	7.217500	2.727900	4.451700	2.625200	0.000000	3.275400	3.307200	2.428400	4.625600	3.572600	14.385800	15.248500	11.186000	12.083900
285	3.189900	1.635700	0.840700	1.525000	2.214600	2.669400	4.390600	3.823700	2.296700	1.383100	1.827400	3.549700	0.976000	3.322500	0.000000	-0.039400	13.438700	8.766200	6.926500	3.676200
286	0.808600	0.027600	-1.015800	1.966200	2.769300	5.764000	-0.456300	4.154000	1.364400	0.195800	-0.955200	-0.437800	0.000000	0.415700	0.542900	0.238500	1.655100	-0.434700	-0.818300	0.753900
287	1.204100	0.000000	10.948000	4.129000	7.452700	8.185500	16.801900	4.967600	2.418400	6.902000	5.447100	12.190900	7.891900	8.992400	4.312100	6.699300	28.948250	18.384300	19.199500	18.714400
288	1.923000	1.143800	0.095300	0.584700	1.217000	3.546800	2.164800	2.195200	2.530300	1.104300	0.966600	1.480100	1.529600	0.736800	2.462200	2.041200	-2.605600	-1.903000	-1.424900	0.000000
289	3.181900	2.656700	0.801200	1.330900	1.376500	6.729200	1.214400	1.935000	2.002400	2.207700	0.114900	1.637100	1.990500	1.851700	1.969400	2.166300	1.299600	0.739600	0.000000	1.493900
290	0.077300	0.485500	-2.134800	-0.304000	-1.335600	0.155100	-1.035500	0.000000	0.878400	0.021500	-1.448400	-0.931300	-0.114800	-0.852600	-0.126700	0.283000	-1.696900	-1.591300	-2.189400	-0.310500
291	4.441800	4.208300	2.948000	4.050500	3.101500	2.321800	4.407100	4.053400	4.116100	4.043300	2.622600	3.595700	1.047600	3.458200	0.000000	3.587700	3.535000	3.061500	2.885800	3.685900
292	3.671600	2.119100	2.505300	3.220800	3.684800	0.000000	3.720900	4.862000	3.989900	2.810100	1.263700	3.362000	3.368800	2.550600	4.527100	3.708700	2.349700	0.977400	1.564900	3.652200
293	1.597400	0.000000	0.945600	-0.106700	2.561100	-1.711300	0.035500	-0.083400	0.422900	0.618100	-1.387200	-0.531500	0.587300	0.497300	3.033300	0.428900	2.390300	0.537600	1.443200	6.508800
294	0.930700	-0.153300	2.467200	1.503800	1.787300	-1.032700	4.649700	1.368400	0.000000	-0.648300	0.742500	1.110200	4.205500	3.868500	3.718400	2.508800	15.167100	7.770400	7.498800	7.472000
295	4.082000	2.594600	-0.217100	0.872700	0.000000	4.235800	8.880300	3.206600	3.980500	2.832100	2.822700	3.839400	5.111600	3.902100	5.257100	3.952300	16.404800	12.969900	10.403600	8.500300
296	1.875100	0.000000	4.839300	2.939600	6.340400	7.642400	12.556300	-0.229000	0.785200	0.756400	3.946800	10.870600	10.378600	8.672100	6.566000	7.605700	27.376730	16.420500	13.863600	42.752690
297	1.975800	0.000000	0.296500	1.447700	2.831500	7.434400	12.398100	2.070500	0.967900	0.282200	3.710500	6.644400	7.236000	4.720200	4.549700	3.301400	23.504000	14.302300	17.040500	41.563970
298	7.622100	5.985300	4.907700	5.599900	5.033700	9.418700	0.000000	5.355600	6.673900	6.256800	3.652300	3.520800	7.932300	5.728700	9.118000	7.411800	12.842200	12.941000	12.448900	27.461930
299	0.000000	2.251500	15.608300	11.991200	16.806300	7.113500	24.067800	10.103500	4.589600	6.860300	12.052600	17.554900	16.664800	13.988100	12.286500	10.709900	34.426896	23.758400	21.886400	79.410300
300	5.423700	3.621100	0.571600	2.558700	2.182500	8.663400	4.449000	3.805900	4.282300	3.813900	0.682900	0.000000	5.423700	3.621100	0.571600	2.558700	2.182500	8.663400	4.449000	3.805900
301	4.860000	3.155600	0.317400	1.028100	0.000000	7.521100	8.721000	2.441400	3.809500	3.344700	0.229200	6.317800	4.506800	4.003200	4.400600	4.340200	13.356300	7.359600	2.786900	5.707900
302	1.485500	0.000000	-0.545200	0.639600	0.021600	4.196400	0.626500	0.151700	0.988900	0.881500	-1.513500	0.179900	0.675200	0.042400	0.868600	0.900700	-0.786200	-0.869000	-1.217900	0.283100
303	2.527800	1.090300	-0.287700	1.423300	1.358400	6.378000	1.404100	0.000000	1.245200	1.645100	-0.685200	1.105000	1.887200	0.811000	1.798400	1.465400	0.560500	-0.260800	-1.014900	1.100300
304	3.022200	1.240000	-0.383500	0.382500	-0.487700	3.780300	0.702300	1.198300	1.861400	0.838600	-0.754700	0.000000	1.703500	1.035200	2.824700	0.891000	-0.597000	0.631800	-0.451700	1.891400
305	3.495300	1.787000	0.969600	0.000000	0.371100	5.853200	2.119100	1.086100	2.460800	2.081100	0.392200	2.643800	3.632000	2.314000	5.191500	3.955000	6.727200	5.324800	5.173200	19.586300
306	1.008500	0.135700	-0.072000	0.755300	0.323500	3.495900	-0.198900	0.843200	0.049400	0.896100	-1.013700	-0.181200	0.000000	-0.170700	0.656200	0.246300	-0.797700	-0.327100	-0.239600	0.524000
307	1.333200	1.281000	0.000000	3.060400	1.902300	2.899000	0.338800	2.514400	1.698600	1.653700	-0.332200	1.054500	2.011300	1.235000	2.375400	0.715300	1.257100	0.251300	-0.677200	0.771600
308	0.000000	2.591600	2.810800	3.715600	4.431600	6.378200	2.687400	3.566500	2.904500	2.425100	2.567300	1.819100	2.468600	2.623500	4.181600	2.817600	4.043900	3.682400	3.709300	3.919500
309	0.596800	0.225900	-1.017800	0.809200	0.222200	5.536700	-0.572900	0.227000	0.147400	0.168300	-1.178400	-0.557800	0.000000	-0.281600	0.397700	0.553100	-0.800600	-0.791300	-0.846100	0.601100
310	0.882000	0.000000	4.432000	3.579200	4.437800	5.313800	6.266800	2.815400	0.277200	0.623200	5.918300	9.206000	8.877100	5.542500	6.290800	5.753300	15.296700	11.405900	11.869200	25.624050
311	0.658000	0.000000	7.229000	3.040700	7.869700	4.310400	15.737600	4.806900	0.187300	0.835900	4.769600	10.074600	11.340400	8.731700	8.837700	5.489400	28.786510	19.615600	17.804700	62.837000
312	1.618600	0.000000	7.392700	0.237600	2.637700	4.880900	20.600300	0.185800	1.127900	0.373200	6.072700	11.845700	7.458500	8.406100	2.785800	2.254300	30.806780	18.830700	15.438800	26.030630
313	6.573200	4.138200	-0.104600	0.760500	0.000000	5.760700	12.319500	3.461800	5.652900	3.551400	1.724600	6.324700	4.770600	2.929900	5.245500	3.604200	20.457000	9.511900	5.964700	6.051300
314	6.742700	5.398400	1.358200	2.617600	2.838100	4.570600	5.093500	4.833400	6.181800	4.391100	1.249000	4.394500	4.190300	3.833700	6.095100	5.078600	10.049500	-0.181300	0.000000	4.308000
315	6.075800	4.254700	-0.017500	2.936900	1.409200	6.364000	3.542100	3.518300	5.478900	3.543600	0.000000	3.456800	5.640000	4.051600	6.185800	4.312200	12.232200	7.799200	4.727400	5.008200
316	0.795800	1.035400	4.330300	1.936600	3.383200	3.737600	8.939600	0.000000	1.957700	1.697100	1.657000	6.919600	6.260000	4.498800	6.672200	5.236700	32.732990	15.240500	9.512700	30.850300
317	1.074500	0.000000	2.319000	2.871900	0.964400	-1.597700	4.116800	1.819600	0.298100	0.430100	0.979300	2.075700	2.162100	2.871500	3.765500	3.358700	4.176800	1.701400	1.822600	11.779000
318	1.288300	-0.132900	-2.087100	-1.575800	0.498200	2.821100	-0.694700	0.000000	0.894700	-1.209400	-1.588700	-0.068700	1.246300	0.209700	0.603500	0.022600	11.442200	11.968100	5.256700	26.510100
319	2.991900	2.363200	1.484100	3.872400	3.672900	0.000000	1.659200	3.878000	3.031900	2.506500	1.686500	2.088600	1.980100	1.845800	4.259700	2.630700	2.612900	2.058500	1.829700	2.157000
320	3.795300	2.388200	3.038400	2.984300	2.192000	0.000000	3.498800	3.508200	3.715700	2.708400	1.982900	3.426100	5.579600	3.175700	5.285300	3.796600	18.160600	12.523900	9.040200	19.696300
321	0.000000	3.739800	3.641200	5.928400	5.883700	9.268700	3.365600	6.350600	3.988300	3.787200	3.411800	3.695900	3.748900	3.701300	4.120200	3.781700	3.512600	3.754000	3.415700	3.901800
322	1.014400	-0.137800	-0.762800	-0.155300	0.045500	1.226500	-0.330600	0.000000	0.524100	0.194500	-1.436800	-0.576600	0.467200	0.018800	0.714800	0.178500	-0.986600	-0.406500	-2.362200	-0.258800
323	0.066500	0.065200	-0.451200	-0.011400	-0.224900	1.116200	-0.725500	0.000000	-0.233500	0.124800	0.030000	-0.672100	0.014900	-0.166800	-0.091200	-0.462200	-0.143600	-0.266000	-0.188400	-0.385100
324	-0.084000	-0.318700	-1.285600	-0.803100	-0.980900	1.406300	-0.546800	-0.837100	-0.180600	-0.656700	-0.993900	0.796200	0.540500	0.896100	0.000000	0.740500	0.961600	-0.976500	-1.063500	1.123700
325	2.366500	1.486500	2.534300	3.961600	4.366200	0.000000	4.631600	3.270800	1.571300	0.826000	1.493900	1.928000	-0.716000	2.592200	2.713200	1.622100	4.855400	2.309900	1.994700	11.671700
326	2.569700	2.278300	1.530800	2.557200	2.018900	5.545700	1.475700	2.230400	2.327400	2.280500	0.869900	1.823600	2.628300	1.929300	3.359100	2.534600	1.550200	0.225300	0.000000	2.307600
327	1.576400	2.072500	0.945700	2.585500	2.158800	0.000000	1.190000	3.072700	2.279800	3.095100	2.000500	1.117800	3.729900	2.993600	1.473400	1.544000	3.414500	1.666900	1.058000	1.931200
328	1.083600	0.582100	0.553800	1.249900	0.916900	-0.535900	0.517500	1.217400	0.907300	1.039200	0.443400	0.498400	0.033400	0.505500	0.000000	0.684200	0.768800	0.750200	0.710400	1.009900
329	0.710600	0.066300	1.075900	0.032500	2.471900	2.999500	6.548500	-0.713500	0.000000	-0.414300	-1.119600	1.481600	2.883900	2.502300	1.347200	-0.258700	7.928100	6.750700	1.932300	2.483400
330	1.606400	0.754700	0.075700	0.774300	0.964800	-0.736100	0.363900	1.727200	1.654300	1.240100	0.473400	0.195400	0.902100	0.997000	1.676300	0.000000	0.676300	0.519200	0.408500	1.811100
331	1.157600	0.000000	2.642100	1.164300	1.149400	8.264800	1.266900	0.823600	0.258200	0.373100	0.869100	0.814100	3.825900	2.509800	4.351900	2.189500	14.863400	12.207100	10.170900	14.762600
332	0.987700	0.885900	1.145500	1.333100	1.274600	0.000000	0.901700	1.249900	1.032300	1.167700	1.023800	1.057700	0.512000	0.782500	1.108200	1.257800	0.963900	1.040300	0.721600	1.238600
333	4.012900	2.804600	2.760300	0.567900	0.000000	4.090400	8.375800	2.500900	4.197300	2.300000	1.865800	4.086600	4.853300	4.286000	4.851700	2.961800	18.422200	23.195400	21.194200	34.831820
334	0.901200	0.184200	-0.742100	-0.288800	-0.810900	1.581200	-0.461700	0.167300	0.852600	0.109100	-0.177700	-0.650000	0.114100	0.226400	0.297500	0.131100	-0.266600	-0.714400	-0.864600	0.000000
335	1.492500	0.493600	0.184300	0.502400	-0.244900	0.240500	0.471800	0.955700	1.322700	0.117100	-0.636400	0.169000	-0.141600	0.202000	0.000000	-0.242200	0.805300	0.700900	0.733600	1.089600
336	3.059000	1.350400	0.000000	0.219700	-0.164700	7.005700	0.223200	1.205200	0.788200	1.177600	0.197700	0.884500	1.414900	0.891200	1.710800	0.206600	1.251100	0.776100	0.573400	1.876600
337	1.472800	0.783500	0.227500	1.842000	0.944500	0.193200	0.078400	1.751900	1.198700	0.747300	-0.090000	0.186500	-0.473600	0.000000	0.854900	0.629100	0.256800	0.064300	-0.268100	0.562000
338	1.053100	0.257600	-0.342500	0.680500	0.250700	6.074800	0.369000	-0.524800	0.030900	-0.303700	-0.553000	-0.063300	0.049400	-0.186000	0.000000	-0.666600	1.000500	-1.106200	-1.342700	-0.739800
339	1.304500	1.069800	0.882400	1.064500	1.017100	0.007000	0.961800	0.991300	1.158200	0.953100	0.903000	0.841800	0.000000	0.486000	-0.381400	0.590200	1.275100	1.121800	1.026800	0.819200
340	4.130700	3.129300	1.307200	0.812500	0.000000	4.709800	6.450800	2.885300	3.789100	2.442200	2.255100	3.474200	5.410600	4.878300	5.805100	4.227100	10.641800	11.997500	11.162100	6.774900
341	4.212900	2.691700	5.459900	2.453700	4.222100	0.000000	5.857500	3.898300	3.266600	4.009400	4.359800	4.427200	5.379200	4.149300	6.094800	5.012400	8.785700	10.825100	6.260800	42.805850
342	0.317500	0.018700	-1.483000	-0.049700	-0.610000	1.140500	-0.796800	0.092000	0.459000	0.055600	-1.617500	-0.814100	-0.154800	-0.638800	0.000000	-0.216000	-0.255000	-0.862500	-0.920900	-0.232000
343	0.186200	0.477800	1.093400	2.257000	2.437500	2.436500	0.000000	1.075700	-0.191300	0.210200	0.820300	0.157200	1.413300	0.406800	1.664100	0.108600	0.957700	0.655000	0.690900	0.654700
344	0.919900	0.000000	-0.445200	0.141400	-0.415100	0.040800	-0.133900	0.420400	0.233700	0.150700	-0.918600	-0.362600	0.432400	0.181300	1.605600	-0.159400	0.198800	0.365500	0.656800	-0.034900
345	5.147100	4.596700	4.842800	5.450100	4.556500	5.779700	5.768800	6.316700	5.864600	4.350600	2.077700	4.708200	5.871100	5.141100	5.505400	5.101200	0.000000	2.172000	1.375100	4.120200
346	0.057200	0.029800	-0.153400	0.024200	0.052900	-0.505800	-0.531100	0.026900	0.000000	0.044100	-0.142600	-0.509500	-0.074400	0.024400	-0.001000	-0.071900	-0.018700	-0.163300	-0.173000	-0.011400
347	0.623800	0.880100	1.087000	1.831200	3.106100	4.068700	0.816100	1.417700	0.000000	0.305300	1.048500	0.917100	0.815200	1.031600	0.374800	0.291400	0.878600	0.820500	0.816300	0.993100
348	0.000000	2.246500	3.551300	4.413300	4.261000	5.606100	2.074700	4.426500	3.714000	3.576300	3.045800	2.085100	3.325000	3.109200	2.671300	1.780600	3.636100	3.015700	2.732800	3.376800
349	3.686900	3.036900	1.618100	5.660500	5.785100	5.040200	2.621200	5.554100	4.269100	2.720300	1.520200	1.849100	3.396800	2.760600	4.177800	2.836200	0.532300	0.000000	0.213600	2.446400
350	1.351400	0.698100	0.536800	0.962200	0.628500	-0.169800	0.746900	1.244900	1.180900	1.164600	0.344100	0.474500	0.000000	0.248800	1.168000	1.041600	0.554100	0.538200	0.493300	1.258900
351	3.470600	2.907700	1.992800	3.062400	2.276200	1.840300	2.545800	3.396000	3.274700	3.206800	1.572400	2.255500	2.853400	2.497800	3.353000	3.429600	0.000000	1.218900	0.951200	3.446200
352	5.742000	3.805200	1.621700	1.181000	0.000000	9.067300	12.688800	2.448900	4.472400	3.572400	2.845000	9.105100	5.346000	4.628800	5.351800	5.033000	26.554810	18.905700	13.828100	21.992500
353	0.181200	-0.368800	-1.939800	-0.722300	-0.948500	0.205300	-0.689100	0.000000	-0.242600	-0.965100	-1.590200	-0.901800	-0.761800	-1.049800	0.761400	0.547600	0.129600	-0.052500	0.627300	0.435100
354	0.541500	-0.001400	-0.160600	0.057400	-0.122800	5.928800	-0.002300	0.015900	0.164100	0.239400	-0.450700	-0.195300	0.000000	0.052300	0.282800	-0.102800	0.195100	-0.100100	-0.106900	0.081200
355	1.257000	1.046200	0.814700	1.806200	2.032500	4.009000	1.617300	1.324600	1.947600	1.430400	-0.105500	0.800600	0.910700	1.101400	-0.760100	1.947100	0.944300	0.000000	-1.176800	0.475100
356	0.013600	0.000000	-0.312500	0.180900	0.186300	-0.760200	-0.358200	0.186100	-0.076600	-0.285500	-0.321900	-0.325800	-0.943300	-0.799600	-0.175700	0.020600	-0.389300	-0.426600	-0.466100	-0.107700
357	0.000000	1.510800	1.540700	4.691100	4.658000	1.454000	1.521500	5.107800	1.947300	1.739800	1.286800	1.414300	1.995400	1.818100	0.791600	1.493500	2.673700	1.541500	1.326500	1.990300
358	2.413800	1.495400	-0.084200	2.696000	3.123100	1.209300	0.930600	2.317500	1.949300	0.951900	0.410200	0.000000	1.379200	0.394400	2.936300	1.172900	1.785800	0.376700	0.753400	0.914000
359	4.646100	3.275500	5.281200	0.892600	0.300800	6.561300	9.983400	0.000000	2.147100	2.779300	8.990200	8.896900	6.275100	9.015900	3.463800	1.930100	32.864950	15.838700	20.719100	24.140600
360	4.628000	2.865100	-0.289900	0.000000	-0.242500	4.695400	8.420800	2.179000	4.132200	1.907700	0.359700	6.887700	1.675000	2.917000	2.926200	2.082800	11.034800	11.448700	6.817500	6.314000
361	8.450100	6.668000	3.188800	4.142600	3.211800	9.021600	4.451400	5.907600	7.745600	5.721300	2.061400	5.242300	6.694000	5.970500	7.470300	6.210400	0.000000	6.392900	5.613900	5.261700
362	5.593400	4.228300	1.188100	2.618300	1.682700	5.077300	7.110600	4.448400	5.320900	3.618700	0.769000	3.783800	4.435900	4.313200	4.476800	4.633800	3.293800	2.665600	0.000000	3.572100
363	4.018700	2.826500	2.518200	0.000000	0.891400	5.198100	10.351700	1.737100	2.289500	1.997000	2.660000	5.813800	3.709500	4.002300	5.100700	4.703900	31.631530	10.822100	8.964100	16.621800
364	1.393800	0.000000	0.265500	0.786900	-0.521900	-2.149600	1.075200	1.494000	1.233300	-0.110500	-1.777700	0.312500	0.656700	-0.011300	2.928900	1.166400	1.896700	5.340000	3.493700	14.029000
365	1.123600	0.987800	-0.489200	2.063100	1.771900	5.199300	0.811400	0.337200	0.000000	0.756900	-0.822900	0.335700	-1.675700	0.073900	-2.422300	0.017200	-0.513500	-0.013700	-0.285300	0.298500
366	0.599000	-0.005100	-0.283700	0.000000	-0.438400	-1.719600	0.084300	0.210300	0.464800	0.474900	-0.326200	-0.065300	-1.344500	-0.420800	-1.355800	0.062000	-0.151100	-0.169400	-0.687500	0.535100
367	0.567200	-0.018300	-0.196700	0.380800	-0.055700	-0.365300	0.180900	0.129900	0.347100	0.790700	-0.117900	0.000000	-1.530600	-0.337900	-0.923800	0.527400	-0.187600	-0.407300	-0.083700	0.391200
368	2.293100	0.938400	0.358600	0.842500	0.344200	0.600400	1.075700	1.051700	0.500600	1.605300	0.000000	0.437400	1.724300	1.236500	1.119800	0.888100	0.321000	0.681100	0.430100	1.503800
369	0.000000	0.651200	4.175700	4.038800	6.242400	9.130200	7.286000	4.491300	2.007900	3.474600	1.441700	3.742500	6.365800	5.228900	5.731300	5.174700	23.303700	19.962200	23.803300	34.934182
370	0.545000	-0.324100	-0.776400	0.216700	-0.693600	1.493200	-0.403600	0.427500	-0.238600	0.263800	-1.171900	-0.669600	-0.477200	-0.326300	-0.196500	0.000000	-0.872600	-0.832500	-1.122100	-0.175600
371	1.284200	0.299700	-0.607600	0.399800	-0.209100	1.769900	0.368000	0.303700	1.342800	1.092300	-0.550400	0.285700	0.000000	0.102300	-0.373200	0.651100	0.251800	-0.162500	-0.194800	0.868700
372	4.406100	2.685100	0.191400	1.007700	0.000000	6.084500	6.221500	2.830200	3.568400	3.098400	0.728000	2.756600	5.453300	4.165200	5.532700	3.308600	15.578700	19.908800	12.382400	7.524500
373	1.963800	0.000000	0.784000	2.669000	5.049200	4.576700	2.635100	2.458600	1.452600	3.307200	0.140600	1.441000	4.865700	7.569200	6.334900	5.767700	9.956500	10.630300	8.331900	6.109700
374	1.573400	0.684900	0.193200	1.182500	0.704200	4.355000	1.183300	0.818700	0.846600	1.081600	0.000000	0.485300	0.425900	0.626800	1.372600	0.810800	1.152500	0.318200	0.243900	1.184500
375	0.786200	-0.782000	-1.812000	0.378300	1.127100	6.936700	-0.059500	0.559900	1.102100	0.000000	-1.997900	-0.008100	0.661300	-0.075200	0.569200	-0.501500	13.150300	21.094900	17.599800	26.155700
376	5.752900	3.564400	0.000000	3.784800	2.945100	6.114000	11.671200	4.027100	5.393700	3.263400	0.966700	5.739300	4.566000	4.308200	5.286100	3.069000	23.276200	14.227200	7.041600	6.407100
377	1.160500	0.176500	-0.961500	0.026300	-0.759000	4.745700	-0.526900	1.204400	0.935600	0.434500	-1.210200	-0.621000	0.053100	0.000000	1.378500	0.045900	-0.006300	-0.739300	-0.521200	0.171800
378	1.676700	0.992700	1.004400	1.568400	1.278800	4.611300	0.000000	1.640800	0.812500	1.486400	0.629200	0.787900	1.265300	0.909500	1.817300	0.909300	0.734500	0.822900	0.775700	0.966500
379	-0.079100	0.000000	-1.163300	1.285500	0.526900	1.252400	-0.414300	1.036100	-0.034100	0.474000	-0.973700	-0.226100	0.547000	-0.193000	1.032200	-0.181300	-0.156600	-1.360200	-1.737200	-0.763000
380	0.000000	3.774900	3.989900	5.105300	5.023600	7.766500	3.084800	4.940100	4.011000	2.761400	3.985800	3.396000	4.263500	3.801300	4.476400	2.917500	3.968000	4.067400	4.046400	3.732700
381	2.202600	0.430600	-0.873600	0.255000	-0.196800	5.058300	0.239800	1.536800	1.364100	0.633900	-0.546400	0.000000	2.050200	0.484000	2.856500	0.524700	3.203500	2.590900	0.855500	1.106300
382	1.289900	0.757100	-0.382500	0.137000	-0.281200	2.129100	-0.113000	0.166300	0.938700	0.308800	-0.086200	0.000000	0.477700	0.299600	0.708900	-0.237500	0.790800	0.136100	-0.189300	0.886700
383	3.806900	2.766300	1.092500	0.000000	-0.425400	3.301900	3.484100	1.711100	4.214300	2.240900	1.660100	3.015500	4.414400	3.244100	4.924500	3.715300	2.276000	6.079700	4.716400	5.177600
384	5.159700	3.212700	0.691700	0.770800	0.000000	5.622700	1.529200	2.339800	2.825100	2.826000	1.448100	2.843300	5.374700	2.911000	5.735300	2.562800	4.367300	3.656200	3.198200	1.511500
385	0.979700	0.770600	-1.397800	-1.133900	-1.676400	1.167500	-0.238400	0.657300	1.259700	0.788900	-1.249300	-1.010800	0.304200	0.000000	1.146300	0.164400	-0.117600	1.097900	-1.654900	0.592700
386	3.848500	3.108300	0.000000	1.347100	1.029700	5.643700	1.924300	3.322900	4.109400	2.777500	0.270100	2.256000	2.794600	2.537400	3.386400	2.918900	1.519400	3.325400	2.895100	2.860800
387	-1.454000	-0.819000	-1.816900	-1.378900	-1.809900	-0.246600	-0.341400	-0.133100	-0.503700	-1.198400	-3.621300	-2.277200	-0.395800	-0.417000	-0.228100	0.000000	-0.512100	-2.338500	-3.690000	-1.060100
388	0.029900	0.320900	0.018000	0.311900	0.278900	-0.237700	0.000000	0.280900	0.419100	0.188300	0.092400	0.028300	0.615500	0.104000	-0.337500	0.101100	-0.509600	-0.275000	-0.387900	0.148000
389	0.404400	0.623000	0.060200	0.771400	0.521400	0.222000	-0.774600	0.816200	0.573000	0.646600	0.308400	0.000000	0.996000	0.078500	0.798400	-0.129000	0.471200	0.438800	0.438600	0.769500
390	-0.302400	-0.028900	-1.001500	0.854800	0.247000	2.025000	-0.416500	0.988600	0.000000	0.183600	-1.287100	0.291700	-0.175300	-0.489300	0.363100	-0.240600	-0.954600	0.470200	-1.413900	-0.625100
391	1.403600	1.057500	-0.556200	1.257600	1.943100	0.091800	0.577400	1.301400	1.240400	0.683900	-1.042400	1.867200	0.616900	0.109800	1.029300	0.190900	0.091900	0.000000	-0.067600	0.697100
392	-1.958900	-0.304900	-0.389000	0.788600	0.458200	6.171900	-0.596100	0.711300	-1.495400	-0.057100	-0.677000	-0.539500	-0.250400	-0.261800	0.000000	0.160900	-0.498800	-0.351300	-0.599300	-1.287800
393	-0.134500	-0.458200	-0.691800	-0.122500	-0.517800	-0.604500	-0.923800	0.000000	-0.965600	-0.048100	-0.396100	-0.612400	-0.253200	-0.602100	-0.107300	-0.228800	-0.260600	-0.341000	-0.163100	0.028900
394	1.095100	-0.646700	-0.963600	0.833900	0.829300	-0.047700	0.961700	0.748400	1.308300	0.491200	-1.014800	0.510000	0.000000	0.521600	1.338600	0.948400	1.528200	0.436500	0.015700	1.128000
395	2.313900	1.956800	0.256500	3.978800	3.348600	8.479800	1.430100	4.334400	2.542300	2.173600	0.577600	1.349800	1.602300	1.017100	2.324400	2.034000	0.015500	0.000000	-0.121500	1.778900
396	1.145400	1.264600	0.190100	0.824000	0.656900	0.000000	0.326700	1.316700	1.576300	1.000900	0.096300	0.336300	0.446100	0.374400	1.062500	0.817000	0.617400	0.211100	0.164000	0.905100
397	1.047900	0.465700	0.114000	3.812100	3.853900	10.621600	0.044200	3.374300	0.456400	0.742300	0.249100	0.000000	1.320300	0.970000	1.023500	0.073500	1.114900	0.041000	-0.133800	0.275100
398	2.316500	1.075500	1.258900	1.925800	0.996200	1.305500	4.313100	0.416500	2.074000	0.000000	2.979900	4.051300	3.630900	2.982400	5.403200	1.420800	16.198400	14.481000	13.884500	16.325500
399	0.579600	0.338700	0.094600	0.620800	0.316600	0.753400	0.347200	0.657900	0.649200	0.751900	-0.170000	0.000000	0.225200	0.371500	0.514600	0.728400	-0.523500	0.312000	-0.344500	0.987900
400	0.891900	0.381600	0.586500	1.063200	0.811400	1.570500	0.592500	0.830100	0.751100	1.025300	0.688700	0.586900	0.872100	0.519200	1.177100	0.000000	1.248100	1.193000	0.984300	1.491600
401	0.000000	3.352100	3.487300	4.852300	4.569500	7.812000	3.084000	4.590600	3.588400	2.460700	3.040500	3.210800	3.530900	3.073700	4.094500	2.901300	3.843300	3.647600	3.519800	3.559400
402	0.712500	0.360300	0.446900	1.113600	0.934400	1.727500	0.693400	1.208400	0.612400	0.505600	0.177300	0.207200	0.573600	0.490300	0.000000	0.427600	0.509400	0.378300	0.251700	0.701400
403	6.615500	5.204200	3.795100	3.650900	3.901100	8.478100	6.763200	4.468900	5.966500	4.992900	2.052500	5.714700	6.981700	5.452300	7.355900	5.692200	0.000000	2.334000	1.415100	4.396400
404	2.007900	1.198700	0.030100	0.712400	0.667800	4.478600	1.358600	0.867000	1.536800	1.151200	1.256000	0.419600	0.645000	0.798000	0.000000	0.679300	1.330100	1.099300	1.074900	0.490400
405	6.087000	4.212700	2.151000	2.131800	1.398500	6.774500	4.344800	3.901200	5.270800	3.922400	1.420500	3.834200	5.105200	4.413200	6.066300	5.044700	5.628100	-0.332500	0.000000	3.476800
406	5.855600	3.810600	0.708100	0.000000	0.964900	8.107900	9.537400	2.750100	5.080700	2.620500	1.279700	7.271300	3.936600	4.900800	4.489100	3.685400	15.392400	19.105600	18.675300	24.142000
407	5.831500	4.416200	0.406600	1.046400	0.000000	4.078700	6.931500	3.651600	5.419000	3.462300	0.622000	6.885000	5.688200	4.818400	5.582400	3.810900	16.818200	8.947600	5.084900	5.240500
408	3.117300	2.039400	1.568300	1.732600	2.084000	4.319200	1.957500	0.000000	1.702400	1.700000	-0.261000	3.381700	2.193600	3.223400	3.666500	3.018300	5.714700	6.193200	5.404600	6.722100
409	1.362700	0.906600	0.237100	0.016400	-0.279900	-0.924900	0.548000	0.000000	0.158000	0.497100	0.199700	0.238000	1.365600	0.501200	2.120500	0.702100	2.148100	1.561000	2.712700	1.334600
410	1.338200	2.800200	2.111000	3.589100	3.210400	5.280000	2.394400	3.057300	1.768900	2.028000	2.382400	3.318000	1.746000	2.223300	0.000000	1.822100	3.554700	2.671600	2.297100	2.543400
411	1.106700	0.988400	-0.166000	0.695500	0.000000	3.180400	0.311800	0.467800	0.977200	0.738100	-0.604400	0.063800	0.100600	0.286600	0.189000	0.515300	0.046800	-0.161500	-0.703000	0.549600
412	1.556000	0.661100	1.529200	1.746700	3.206100	-0.749700	3.801100	0.864300	0.000000	0.925000	-0.602200	4.417500	0.233900	1.701500	1.265300	1.903900	12.831400	0.000000	1.556000	0.661100
416	0.350900	0.000000	-0.468600	-0.270800	-0.974700	-0.666000	-0.146100	0.077100	0.098600	-0.200300	-1.406500	-0.501800	-0.098400	-0.399600	0.369100	0.423800	0.384200	0.617900	0.522400	1.080100
417	-0.337200	-0.442600	-0.279500	0.953800	0.058900	-0.806300	0.008700	0.615500	-0.274100	-0.239400	-1.112500	-0.098900	-0.360600	-0.114800	-1.021800	0.000000	-0.742300	0.030800	-0.694800	0.236600
418	2.174200	3.372600	0.569900	1.309400	1.567400	2.821100	3.535900	2.254600	2.195300	1.913700	1.502500	2.440000	2.287800	2.831400	1.941400	2.381000	0.147200	0.934100	0.000000	2.248700
419	0.000000	-0.136600	-0.716300	1.889300	1.060100	-0.453300	-0.168000	2.456700	0.331300	0.194600	-0.076900	0.500700	0.596400	0.045700	0.227500	-0.077800	0.668700	-0.514200	-0.300300	0.958600
420	1.694700	0.000000	-0.227900	-0.488100	0.209800	0.031200	9.263800	1.475100	1.064000	0.351000	-0.579200	8.022100	0.153500	0.752200	2.384100	2.565900	15.585600	10.657100	7.995000	6.657900
421	0.752600	0.478700	0.027400	1.311600	1.470600	1.815800	0.648300	-0.055300	0.000000	-0.335400	-0.003800	0.496400	1.054700	0.097800	0.444100	1.014300	2.065000	1.071800	0.339400	0.826000
422	6.373800	5.083200	2.927300	6.680200	6.774900	11.916200	0.000000	6.228500	6.034300	4.911600	2.383300	4.736600	5.100900	4.220800	5.979400	5.011500	20.318800	23.581200	15.973800	57.872400
423	4.392400	2.732400	1.535100	0.000000	-0.728700	5.063500	9.003600	2.680000	3.899200	2.127400	0.692000	7.170500	4.087800	3.682700	4.777100	3.023900	16.693900	15.646600	10.483400	43.813840
424	6.110800	4.230700	0.503000	0.868700	0.000000	7.398200	11.617900	3.653200	5.603000	3.602000	0.736200	6.011900	3.616200	4.634700	4.309200	4.706700	20.417400	10.314200	7.058800	5.450800
425	5.999200	4.104400	3.610100	4.359600	9.002200	10.547400	14.493000	4.441900	5.034900	3.696500	5.539200	20.128400	4.542000	6.779700	0.000000	4.820200	44.606120	21.403600	14.138300	19.150500
426	1.180900	0.290000	-1.225700	-0.582100	-0.639300	1.161500	0.592900	-0.130000	0.722100	0.000000	-0.992600	-0.353100	0.887700	0.331900	0.441300	-1.008000	0.901600	-1.567000	-1.177500	1.001800
427	0.025400	1.754800	1.000700	1.222200	1.721200	10.464700	0.000000	3.048200	2.360700	0.912000	-0.803300	0.606800	3.890300	1.724200	4.674700	0.923800	7.825500	4.870600	4.021800	24.992900
428	2.505400	1.747700	0.067500	0.379100	-0.133500	5.054800	-0.710100	1.587900	1.626400	1.260800	-0.389000	0.000000	1.507100	0.480400	3.177300	1.591300	0.957400	0.117700	0.137700	0.726200
429	0.491900	0.152400	0.430400	1.175400	0.830300	4.204000	0.976700	1.258800	0.000000	0.346800	-0.017000	1.491900	1.267000	1.021900	0.777000	0.655800	8.462900	1.468200	0.379600	5.589600
430	1.653800	1.019700	-0.574900	0.000000	-0.598800	1.427600	0.616400	0.904100	1.085300	0.461600	-0.524200	0.455100	0.675800	0.359200	1.028600	1.099200	1.421500	0.854300	0.862700	1.206600
431	2.106700	0.990700	-0.685800	0.179400	-0.583600	1.618200	-1.113200	0.983800	1.455400	0.887800	-0.565300	0.000000	0.923600	0.153100	1.412300	1.000900	-0.822500	-0.517100	-0.770600	0.822500
432	4.469700	2.624500	5.291700	3.086300	3.637700	0.000000	2.865300	4.313800	4.319100	3.043800	6.051100	8.370400	2.403300	3.478200	4.597000	5.093400	6.627700	7.538900	5.640100	7.669700
433	2.115100	0.750000	-1.360900	-1.121500	-1.783100	7.425000	-0.048100	0.000000	1.022100	0.454400	-1.518300	-0.517700	0.683800	0.210400	2.038800	0.309600	-0.581200	-1.023400	-1.818800	0.296900
434	2.731300	1.605900	-0.474300	-0.117400	0.000000	3.029100	1.021300	1.638800	2.620000	1.197700	-0.221700	0.704700	1.187000	0.939300	3.109800	1.497300	1.139100	0.111800	-0.679300	0.953500
435	2.845800	2.427700	0.000000	1.467400	0.182300	5.518800	1.437800	2.689600	2.309000	1.637200	0.275700	0.796700	1.579400	1.038400	1.264900	1.591900	0.943200	0.551500	0.578400	2.437900
436	0.446600	0.499700	-0.229400	0.442900	0.584100	-0.917200	-0.199600	0.442400	0.282500	0.400800	-0.393900	-0.211500	0.000000	0.182000	0.169800	0.185800	-0.458600	-0.242800	-0.642400	0.285400
437	0.841200	0.862200	0.389100	0.765900	0.304400	1.392600	0.257400	0.794600	0.837900	0.642600	-0.060600	0.206600	0.000000	-0.099300	0.716900	0.649200	0.016800	-0.092100	-0.180700	0.559900
438	0.000000	0.876300	0.441900	0.921200	0.671600	-0.000500	0.243100	1.078800	1.003200	0.823500	0.321700	0.565700	0.687700	0.720000	0.486700	0.565600	-0.247700	0.400200	0.087500	0.592100
439	0.474500	0.525500	0.215300	1.965000	2.147700	-0.243900	-0.522400	2.245400	0.821700	0.129900	-0.365700	0.385100	0.000000	0.050800	-0.704100	-0.025800	1.302200	0.477400	0.362000	0.589900
440	0.000000	3.090100	2.935900	3.916200	4.369800	6.157600	3.004200	3.479200	4.148700	3.149200	2.612700	3.480900	2.991400	2.356900	4.323200	3.768300	3.191400	3.649900	3.579100	4.431300
441	1.188000	0.781000	-0.543000	0.664100	-0.068800	4.794700	0.000000	1.003600	0.590700	0.149500	-0.749100	-0.072300	1.132700	0.653400	1.498700	1.459700	4.481900	3.632900	3.534800	3.335200
442	4.130300	2.186800	1.236500	0.000000	0.971100	4.157700	7.100100	2.749100	3.935400	1.689600	5.191100	6.424300	6.904700	5.604700	5.696200	2.975400	30.659510	8.423200	7.491000	11.928600
443	2.500800	1.774400	0.724000	0.192700	0.000000	4.857600	1.072900	1.419500	2.299400	1.480300	0.209000	0.623600	1.908800	1.380400	2.000500	1.090200	1.747100	1.282400	1.773400	2.220800
444	3.801300	3.275400	0.000000	1.935300	2.061300	4.797800	2.328300	2.835600	3.635800	1.964500	0.314000	1.576900	2.352400	2.411000	3.168600	2.686800	2.641400	3.409300	3.163600	2.203000
445	0.000000	-0.661300	-1.336300	-0.550100	-0.800600	0.789100	-2.981700	-0.994300	-0.646000	-1.370000	-1.424400	-1.247000	-1.282900	-0.964700	-1.293000	-0.542200	-0.117400	-0.939900	-0.921100	-0.366900
446	-0.065600	-0.213900	-0.258900	0.313100	0.264000	-1.092300	-0.429400	0.320100	-0.211000	0.094800	-0.458400	-0.390900	-0.344900	-0.260000	-0.328600	0.000000	-0.331800	-0.499900	-0.503800	-0.157100
447	3.514000	2.186400	1.860600	2.243000	1.700800	0.000000	2.701700	3.772400	2.952100	2.580800	1.147900	1.930000	1.952300	1.893800	2.867100	2.670800	2.047200	3.664000	3.428600	4.049600
448	0.314300	-0.165800	-1.577800	-1.069200	-1.441400	3.945500	-2.778000	-0.546000	0.000000	-0.448100	-1.696600	-1.097400	-0.379500	-0.401400	0.304800	0.062500	-0.911500	-1.774300	-0.967900	0.049500
449	1.768600	1.248200	0.605500	1.855400	2.609600	0.000000	1.232600	2.176400	2.227400	1.546100	0.642300	1.037100	0.874700	1.278800	2.046200	1.348600	0.387200	0.796700	0.663200	1.170900
450	2.295800	1.466300	-0.448300	0.464200	0.000000	2.421800	3.195600	2.081400	1.680500	1.518600	0.820100	2.720700	0.818000	3.245200	0.640800	1.637700	7.960400	5.233500	14.871900	40.094570
451	0.545800	0.746900	0.714700	1.815900	1.825600	-0.535000	0.095000	0.000000	-0.412800	1.017100	0.930600	1.089800	0.541100	0.188200	-1.384800	-1.769500	2.324700	2.616800	0.902900	2.674100
452	1.640000	0.347400	1.846300	0.909100	4.692900	-1.802200	1.175200	0.226600	0.000000	0.913900	1.831200	0.849000	0.831400	0.914700	1.457400	0.613800	3.879600	2.591400	2.237400	3.028500
453	1.280400	0.000000	-0.702800	1.553200	0.513100	-1.020500	0.953100	0.259800	0.550600	0.429100	-0.419100	1.185200	-0.464800	0.306600	2.975600	2.439300	7.604700	3.733500	3.941100	32.401000
454	1.572700	0.128300	-0.198100	0.922100	0.450800	1.627100	-1.659600	-0.243100	0.000000	0.692300	-0.283000	1.533900	-0.809900	-0.609700	-0.750500	0.071300	-0.512600	1.502600	-0.348100	0.957300
455	1.629500	0.000000	8.724000	6.687500	10.697900	9.079800	21.461400	4.307500	0.989700	3.589500	9.463800	14.671200	12.359300	12.717100	7.522900	7.878200	31.046740	22.337500	17.862400	52.619200
456	2.032500	0.000000	5.575800	4.485800	7.290500	7.408700	4.274600	3.131500	2.455600	2.624100	1.610600	6.156300	4.538200	6.351800	5.475400	5.157500	23.420900	15.336900	10.028100	35.027030
457	1.722600	0.776000	-0.106200	1.089400	0.708400	3.623500	0.548800	0.432700	0.980900	0.681700	-0.809100	0.773000	2.137400	0.000000	0.984900	0.104400	6.321200	8.899200	5.572700	3.452600
458	2.834300	1.385700	0.126200	2.082100	1.976900	4.426700	0.000000	2.233300	2.100600	1.017300	0.218400	1.336300	5.059100	2.830800	4.503800	1.464800	5.727300	0.317500	-0.293200	0.746000
459	1.847000	0.262200	-2.078800	1.219700	0.458600	8.238900	0.000000	1.739900	0.816600	0.836000	-1.941400	-0.599600	1.716400	0.198300	2.458700	1.629600	3.560300	0.740600	2.152700	33.072590
460	0.000000	1.024500	6.505200	5.679600	6.391300	8.855600	5.016400	4.480400	1.002200	2.294600	4.709700	6.058400	6.516600	4.341400	6.310300	6.660400	16.921600	9.266800	10.821400	49.827000
461	2.993300	1.529500	-0.128600	0.970000	0.798600	6.120200	0.000000	1.301000	1.921100	1.732400	-0.029400	0.951900	1.378000	1.486900	2.860300	1.598500	-0.215000	0.367300	0.648400	1.424400
462	2.594600	2.400800	1.432300	0.000000	0.191900	4.774800	11.089000	2.112900	3.066200	1.490500	3.651500	7.505500	9.127300	4.862700	6.985600	3.848700	32.499060	16.059600	14.695800	9.110200
463	0.000000	6.807900	14.842400	15.561000	17.172300	18.084100	23.599400	15.324600	10.695100	11.818400	15.741100	16.781300	16.182000	19.251100	17.882100	16.013800	42.906860	28.730590	23.204900	55.829500
464	1.113200	0.960100	-0.015300	1.159100	0.892100	2.130600	0.000000	1.585600	1.214900	0.564200	0.256900	-0.113900	1.462300	0.328000	2.044900	0.671400	1.743600	1.343500	0.892200	0.844000
465	1.072200	0.411700	-0.709400	-0.240800	-0.765300	1.449900	-0.169200	-0.127100	0.526500	0.196200	-0.451900	-0.464400	-0.042800	-0.298700	0.069400	0.000000	-0.512500	-0.397100	-0.576100	0.117900
466	2.171200	1.639900	1.956200	2.398500	2.213700	0.000000	1.981900	2.557100	2.011000	2.295500	2.027700	1.922900	1.813200	2.105600	2.245000	2.376500	2.302000	2.298600	2.104500	2.557700
467	0.205100	0.236900	-0.182100	0.098900	-0.114400	0.246100	-0.399600	-0.050100	0.076200	0.172200	-0.265600	-0.227500	-0.020900	-0.034900	0.011600	0.000000	-0.373700	-0.531900	-0.657000	0.164700
468	1.554600	0.097300	-0.391100	0.036100	-0.354500	4.723200	-0.408100	-0.061900	-0.544900	-0.155900	-0.373200	-0.423200	0.027700	0.000000	0.046500	-0.775200	-0.120700	-0.329000	-0.361500	-0.233900
469	0.125800	0.040200	-0.998800	0.000000	-0.409600	-0.379800	-1.511500	-0.038500	0.053900	-0.137000	-0.859700	-0.899700	-0.150100	-0.604900	-0.151800	0.002800	-0.520900	-0.836800	-0.919100	-0.173300
470	0.000000	3.933200	3.783800	5.035300	4.742700	6.841800	3.618400	4.925500	4.040300	2.650400	3.579100	3.682000	3.954900	3.851800	4.032700	2.656700	3.607700	3.519600	3.486300	3.879200
471	1.248300	-0.071100	0.374700	-0.878900	0.951400	-1.055500	3.120400	0.409700	0.251600	0.341400	-0.548700	0.172500	0.167700	1.958400	0.000000	0.541800	6.773000	0.395400	0.362400	-0.141500
472	1.964000	1.096100	-0.304200	-0.084600	-0.243500	1.653500	0.568600	1.348500	1.934900	0.941400	-0.083400	0.057300	0.000000	-0.020000	1.834500	1.480400	0.937200	-0.029200	-0.216500	0.960900
473	8.009800	6.053400	2.775700	4.019200	5.711200	11.739700	7.719100	6.589600	6.750800	4.895300	3.644500	7.096900	6.137900	5.802400	6.127800	5.423600	5.832300	0.000000	2.268100	4.522700
474	2.673600	1.036700	0.677100	0.026400	-0.611300	2.207100	-1.261100	1.159200	1.164100	0.590200	-1.002500	0.241200	3.540300	0.945000	3.625100	0.370200	-1.685600	-2.620600	-2.075300	0.000000
475	3.784700	3.080100	1.717500	5.262500	5.673500	5.275200	3.936000	6.857600	4.165300	2.807500	0.702400	3.260000	1.859300	2.954200	4.001000	3.834200	0.771600	0.000000	0.038300	2.907400
476	0.000000	1.425200	4.211100	5.908300	7.888100	8.731200	4.316600	3.930000	2.113000	1.738700	3.255600	3.767800	4.465100	4.309800	2.780800	1.678900	3.470700	2.599600	2.277500	4.329100
477	0.000000	2.079900	2.098700	3.746500	3.287300	5.442600	2.921700	2.924900	2.199600	2.414600	2.000700	2.577600	1.873300	2.355300	1.314400	1.269700	2.566400	1.668900	1.442400	2.853000
478	-0.025000	0.000000	0.190900	0.410100	0.206300	-0.787300	-0.130100	0.226000	-0.123400	-0.008200	-0.391800	-0.245100	-0.510000	0.052300	-0.172400	0.211600	0.234600	-0.544400	-0.551600	0.254400
479	0.151100	-0.568800	0.926400	-1.245400	-1.549000	-0.958300	-0.127400	0.000000	0.494300	-0.462600	-1.309400	-0.656800	-0.703900	-0.133200	0.265100	0.301600	-1.546300	-1.611000	-1.944600	-0.434000
480	0.938800	0.386500	0.055400	0.422200	-0.412900	4.401700	-0.809500	-0.354400	0.000000	-0.101100	-0.849300	-0.467500	0.635000	-0.011300	1.247700	0.489500	1.556400	-0.177800	-0.216100	0.016700
481	0.221000	0.178200	-0.475700	0.250800	0.055800	-0.359700	-0.088400	0.314500	0.127600	0.462100	-0.094700	-0.127300	0.000000	-0.161900	-0.225500	-0.565600	0.509900	0.231900	-0.853800	0.681000
482	1.061700	0.991200	0.965900	1.179700	1.040700	0.662900	0.762400	1.158800	1.236300	1.341500	0.849500	0.897900	0.862100	1.101300	0.000000	0.707500	0.964100	0.935600	0.892500	1.105500
483	1.372000	1.437800	0.349600	0.970700	0.716300	3.742700	0.028100	1.770300	0.853400	0.860900	-0.400200	0.374200	1.126600	1.043800	0.000000	-0.734700	-1.217600	1.736100	-0.338600	-0.345800
484	0.394300	0.028800	-0.042100	0.538800	0.448300	-1.078600	-0.651900	0.493300	0.000000	0.294500	-0.265900	-0.368800	0.233300	-0.120900	0.907400	0.318000	0.323000	0.200900	0.086800	0.312400
485	0.791600	0.557300	-0.059900	0.841400	0.644900	0.706700	-0.942500	1.191300	0.422300	0.732900	0.045900	0.053000	-0.022300	-0.302700	0.737700	0.000000	-0.153100	0.159100	0.003500	0.766000
486	2.143500	1.444000	0.000000	0.922800	0.701800	3.575700	2.281800	0.102800	1.018100	1.523400	0.075800	2.301700	1.008700	2.840200	-0.959200	0.917900	0.527600	0.762800	0.259900	2.546500
487	1.819300	0.000000	2.232800	0.700000	1.577100	5.475300	9.018600	1.439800	1.376500	0.687400	7.555700	6.264100	8.328800	5.724900	7.489000	5.049300	44.020880	32.361870	22.515200	44.599750
488	2.193200	0.439900	-0.122000	-0.587500	-0.321100	-0.520100	0.931300	0.884500	1.994100	1.177200	-0.572000	0.767500	1.416900	0.035900	2.573100	1.343700	0.487200	-1.152600	-1.492400	0.000000
489	5.846700	4.728500	2.826800	3.899400	2.903600	3.927000	4.445000	4.665200	5.172300	5.423000	2.901200	4.730300	6.061200	5.370400	6.734200	5.527800	0.000000	3.685600	3.866900	3.816500
490	0.914800	-0.371000	-1.931700	-0.781900	-1.660100	-1.606200	-1.454400	0.000000	0.547500	-0.035700	-1.893100	-1.900900	-0.527800	-0.666500	0.478200	-0.463100	-0.990700	-1.275100	-1.464500	-0.551500
491	5.693600	3.953700	3.729300	6.309700	6.671000	6.537200	11.456100	6.855800	5.481100	4.546800	3.814100	9.518400	0.000000	5.361700	3.919500	5.148500	30.924170	20.801300	14.226000	9.309900
492	1.683200	0.000000	4.493500	4.915200	7.102000	6.653300	14.334300	2.395900	0.611100	1.541600	4.444600	8.790200	10.630900	8.252600	7.755200	8.928500	27.522940	21.506200	18.950600	37.314860
493	2.300100	0.955800	-0.556500	0.463800	-0.178500	4.165000	-2.516700	1.800600	1.637000	1.428700	-0.318300	0.000000	1.677700	0.854800	2.145200	0.880300	-0.619400	0.673600	-1.775100	0.891500
494	5.080200	2.942000	1.023700	0.958800	0.000000	5.785000	3.790600	3.097000	4.522800	2.188200	-0.076500	3.447600	4.074600	3.765500	4.864300	3.486200	7.874700	4.767300	5.792900	5.476600
495	4.542800	2.932100	-0.089600	2.595400	1.723400	6.459000	2.764700	3.701200	4.285900	3.294000	0.000000	3.088100	4.077700	3.314900	4.934500	4.018300	4.422800	0.808700	1.166700	3.745800
496	4.009400	2.487800	0.000000	0.990000	-0.051000	6.952200	7.886500	2.896600	3.086300	2.677400	0.235400	3.944000	5.271100	3.050700	5.424900	2.984800	19.087500	20.372600	12.143900	8.927800
497	2.400100	0.767900	3.659100	3.745800	3.959000	4.019100	6.044500	2.913500	1.678700	1.150700	2.759300	5.470500	1.405500	4.652500	0.000000	2.362200	21.875800	0.115400	0.838500	1.804200
498	3.395600	2.827000	1.969900	3.610400	3.172700	7.134200	12.139900	2.829900	3.384000	2.496700	2.388800	4.026600	5.529300	2.518800	3.308100	0.000000	24.664600	22.701200	17.348100	41.532810
499	4.901300	3.634100	1.566500	1.041800	0.000000	8.062600	7.651700	2.353500	3.733500	2.308000	0.483500	4.058300	5.290700	3.037900	4.832800	2.563100	5.539400	10.310500	6.221500	9.757100
500	-0.365300	-0.525700	-0.297200	-0.100000	0.024200	-1.107300	-0.782100	-0.223200	-0.381100	-0.425900	-0.275000	-0.551400	-0.550100	-0.463600	-0.183300	-0.144700	-0.354100	-0.225800	-0.339700	0.000000
501	2.859000	2.431500	0.050600	2.150400	1.601800	3.271100	3.973900	3.040000	2.596800	2.092300	0.000000	2.735700	3.788000	2.213500	3.477100	2.663400	2.001100	2.564900	0.340700	3.568700
502	1.627600	1.430900	1.571900	1.786100	1.666500	0.000000	1.606300	1.701100	1.624600	1.777800	1.155100	1.558100	1.518200	1.087300	1.598300	1.714100	1.717100	1.723500	0.663600	1.827700
503	-0.026600	-0.599000	-2.369200	1.837700	0.801500	-1.477200	-1.217200	2.337400	0.140200	0.647900	-1.771900	-1.294800	-0.596000	-0.848200	-0.801500	0.000000	0.240100	-2.184200	-1.640900	-0.806900
504	0.000000	3.206100	3.264200	3.802100	3.830700	4.687400	2.514700	2.971700	2.912200	1.655900	3.055900	1.650500	3.099800	2.758200	1.964500	1.305800	3.204300	3.148000	3.084300	3.239400
505	0.028700	-0.070600	0.000000	1.248200	1.257700	3.551000	-0.255500	1.123400	0.004800	-0.016700	-0.017600	-0.400100	0.199400	-0.162800	-0.036200	0.025600	0.531200	0.185200	-0.379500	0.066100
506	0.886600	0.521200	-0.016000	0.000000	-0.423100	0.200000	0.358500	0.342300	0.667600	0.278000	0.674600	0.070700	1.672800	1.210800	2.145700	-0.822400	0.124500	0.111300	0.139800	4.746500
507	1.596500	0.000000	-0.460100	-0.503100	-0.522500	-2.283600	11.136800	1.730600	1.498900	0.057300	0.403300	5.118700	3.643700	5.124200	4.578400	1.853200	5.679300	16.499800	13.745000	3.648700
508	0.785600	0.717600	-0.690400	-0.195300	-0.604700	1.383500	-0.353000	0.360700	0.536000	0.344800	-0.464600	-0.672000	0.547900	0.000000	0.037400	-0.722500	-0.173600	-0.013400	-1.090200	0.753800
509	3.240500	2.100300	0.000000	1.680300	1.264800	-0.227100	1.879100	2.869100	2.807200	2.210700	-0.376500	0.000000	3.240500	2.100300	0.000000	1.680300	1.264800	-0.227100	1.879100	2.869100
510	4.409400	2.842900	0.485900	3.845600	1.853700	0.054400	2.899000	5.291700	2.904000	3.059600	0.563900	2.600300	3.332600	3.105800	4.302900	2.420200	1.525700	0.000000	-0.494900	1.842300
511	0.000000	0.577100	-0.161600	0.738400	0.374700	-0.510200	0.612600	1.367700	1.175900	0.904600	-0.111500	0.233900	0.033400	0.628700	0.527600	1.352600	0.711000	0.665100	0.596200	1.237800
512	2.609200	1.967100	1.802700	2.536300	3.512500	0.000000	1.764000	3.394400	2.400600	2.417200	2.024600	1.541300	2.117200	2.221900	2.452000	1.870700	2.347800	1.901400	1.859300	1.742900
513	4.309000	2.922800	-0.080900	2.649200	1.451500	3.777900	3.695100	2.245500	3.242900	2.852100	0.121100	2.475700	0.000000	1.973500	2.954900	3.389300	4.021000	1.773000	0.058500	3.616500
514	0.984900	0.389200	-0.112800	0.513200	0.321100	3.130800	0.000000	0.504200	0.917200	0.946500	-0.303400	-0.018800	0.971000	0.567600	1.783800	0.942400	0.250600	0.673300	0.131900	1.500500
515	0.259900	0.192000	-0.083600	0.686600	0.293500	-0.042600	-0.002400	0.839100	0.115000	0.372500	0.068600	-0.137700	0.000000	0.120200	0.148000	0.210600	-0.142600	-0.084700	-0.115500	0.242800
516	1.343100	0.391400	0.233800	0.850800	1.794300	3.733000	0.062700	0.187000	0.686300	0.573100	0.193000	0.000000	2.441900	1.160800	3.122000	0.700200	2.239700	-0.087500	-0.561800	0.391000
517	-1.230200	0.000000	-1.084100	-1.107300	-0.608300	2.238600	-0.055100	-0.738100	-0.077800	-0.603300	-1.676600	-1.092300	1.065200	0.635000	-0.122500	-0.177000	0.695600	-0.330500	-0.599100	0.993100
518	0.519800	0.590600	0.337300	0.496300	0.368400	0.289400	0.294300	0.318900	0.551700	0.458900	0.352600	0.228700	0.599400	0.435500	0.540200	0.319100	0.176500	-0.075400	0.000000	0.707400
519	1.522300	0.812400	0.445500	0.019500	-0.626700	2.910100	-0.620900	0.000000	0.612200	0.104000	0.021100	0.007500	0.862500	0.371800	0.913400	-0.404300	0.757300	-2.499600	-1.878500	0.255400
520	0.445400	0.180700	0.041900	0.299500	0.278100	-0.559100	-0.320600	0.233300	0.528200	0.559200	0.000000	-0.361600	0.514500	0.059700	0.570800	0.140500	0.153300	0.046900	-0.010900	-0.076000
521	0.402300	-0.006800	-0.748600	-0.202300	-1.091600	-1.434000	-0.039800	0.374500	0.746400	0.049300	-0.998800	-0.297000	-0.829000	-0.259000	0.000000	0.068200	-0.422800	-0.387600	-0.508000	0.167000
522	0.000000	2.754500	2.702800	4.921200	4.734700	8.234600	3.294400	5.849100	4.081100	2.877200	2.783000	3.131100	3.301400	3.249000	4.300400	3.728400	4.618500	4.482200	4.315600	4.623500
523	1.294500	-0.016700	-0.904300	-0.851500	-1.157300	3.875700	-0.622600	0.124800	0.525600	-0.297200	-0.583300	-0.543100	0.000000	-0.354200	0.423400	0.060200	-0.081900	-0.302500	-0.364900	-0.074000
524	4.522700	3.259500	1.315700	6.033900	5.993100	5.763700	1.354200	5.648800	4.467000	3.335000	0.611100	0.871000	4.160400	3.031000	5.251400	2.917500	1.694600	0.000000	-0.485800	2.511800
525	1.602000	0.743500	0.517800	1.910000	1.067200	4.154800	0.000000	0.368400	0.555200	1.020900	0.562600	0.432600	1.337900	0.616400	2.502400	0.781400	1.321500	1.151800	0.796100	0.902400
526	3.887900	2.644900	0.000000	2.660500	1.547300	6.925200	3.562300	2.677700	3.566500	2.601300	0.817500	2.489400	2.911800	2.458600	3.642500	3.137800	9.792800	11.577800	7.380500	5.178700
527	1.495800	1.502800	0.787200	0.773900	1.016000	1.497000	0.000000	0.768100	0.707600	1.056600	0.866600	0.392200	0.181600	0.638300	0.610600	0.811400	0.930400	0.619100	0.602300	1.319800
528	0.000000	2.941200	3.672400	4.972000	4.934500	3.810400	3.642700	2.941900	2.418700	3.697300	3.621800	3.026100	2.475200	3.529700	2.394300	2.592000	3.102700	2.982800	2.660400	3.576600
529	1.383200	0.892100	0.616300	1.311800	0.785300	0.310000	1.303400	1.377600	1.382800	1.491600	0.391800	0.917400	0.000000	0.702800	0.729000	1.372000	0.965500	1.150700	1.060800	1.682700
530	1.388000	0.341900	0.002900	1.456900	1.397200	0.114200	0.561100	0.656200	0.807000	1.057300	0.063100	0.217800	0.000000	0.678800	0.875900	0.801100	0.770000	0.528800	0.572200	1.348300
531	3.127900	1.976600	0.694200	2.323200	1.580900	9.623900	1.155900	4.699600	2.330100	2.333600	-0.021800	0.000000	2.667200	1.824800	3.668500	2.222100	2.786800	1.781800	0.245700	1.133600
532	0.886900	0.271700	-0.224400	0.611000	-0.035200	1.455700	0.109600	0.226400	0.326600	0.888900	-0.688600	0.000000	0.056400	0.017500	0.522400	0.592800	-0.131600	-0.105700	-0.135100	0.496300
533	1.257300	-0.026500	0.526700	-0.002300	-0.502700	2.332800	1.829900	1.001600	0.244900	1.040600	0.096000	1.360500	0.754100	0.247200	0.827500	0.000000	-0.748700	-0.654600	-0.719900	0.713900
534	6.465000	4.370600	1.216500	5.116600	5.003400	12.535300	5.690300	5.664000	6.410200	4.670700	0.814000	4.221200	6.059000	5.088600	6.375700	5.514300	2.474500	1.183500	0.000000	3.906600
535	3.522000	2.457500	0.000000	2.248600	1.253200	6.557300	3.540400	1.314200	2.270000	2.469300	-0.314100	2.718300	3.417200	2.754000	3.892300	2.670000	12.812200	9.996000	6.532000	2.881600
536	1.384500	0.188000	-0.547800	0.833200	0.316100	3.384300	0.216500	0.443600	0.397700	0.728900	-0.879500	-0.290400	0.000000	-0.028000	0.975200	0.127700	-0.059600	-0.050900	0.135500	0.340800
537	4.739400	3.073500	0.000000	2.677300	1.046800	6.148200	6.513200	3.017600	4.074700	3.136800	0.289700	3.883100	3.942400	3.819400	4.883400	3.238500	10.245200	1.698200	1.838900	3.570200
538	4.557700	3.352400	0.000000	1.863900	1.640900	7.718200	0.332300	3.350400	3.608000	2.895800	0.243200	1.628300	2.974800	2.408900	3.612000	2.570700	6.428100	3.653600	2.019700	23.795200
539	1.907600	1.489500	-0.085100	1.024300	0.586500	3.727400	0.000000	1.393100	1.285700	1.220600	-0.846400	-0.027800	1.127200	0.220200	1.947500	0.536000	1.346600	1.293300	1.458000	1.711100
540	-0.589300	-0.230800	-1.150500	-0.472200	-0.881900	0.542300	-0.782100	0.000000	-0.081000	0.416200	-0.692800	-0.883000	-0.326800	-0.720200	-0.874000	-0.795200	-0.278600	-0.425600	-0.510200	-0.476200
541	1.210500	0.000000	6.545800	4.072700	5.852400	3.972100	6.485800	4.625300	1.244700	1.311600	4.476700	5.306200	6.727000	5.193000	4.788900	3.989000	8.982600	12.296100	13.469200	6.595800
542	-0.651000	-0.067100	-0.516500	1.300600	1.890800	4.134400	-1.234400	0.867700	0.119600	-0.333700	-0.509200	-1.601000	-0.208900	-0.706200	0.000000	-0.658500	-0.723300	-0.345000	-0.441200	-0.805000
543	5.627500	4.030000	0.000000	3.384300	2.775200	9.515500	4.281100	3.910000	4.644800	3.817500	0.250900	3.100300	4.522500	2.926900	5.758700	4.261800	9.685400	8.869400	2.689700	2.680100
544	3.726300	2.950000	2.583700	3.140000	6.861000	0.000000	3.177400	3.241600	3.378600	3.464900	1.956900	3.132900	3.515300	4.093800	3.847700	3.409500	7.857300	12.423100	10.950900	9.951200
545	3.465400	2.065700	-0.399600	0.000000	-0.393400	-0.720100	1.449500	1.860800	3.637800	1.896400	0.003500	1.580700	2.366500	1.437300	4.402000	3.178800	0.904600	0.470500	1.545500	2.413600
546	4.867900	3.366600	1.030400	2.937000	2.215600	9.525800	3.565200	4.736000	4.250300	3.621200	1.217200	3.169300	4.086500	2.851000	5.041100	3.541100	0.000000	1.620600	0.940300	3.338400
547	4.782100	2.707500	0.000000	2.671000	3.412900	6.996000	2.924600	2.618500	3.329100	3.013500	-0.570500	2.082800	4.771100	2.778100	5.319800	3.850900	7.787800	5.158900	3.721000	3.429600
548	1.950000	0.000000	9.975600	2.615400	7.436900	5.169600	24.192800	1.061900	0.953400	1.738900	7.091000	17.368300	11.548500	9.577700	8.601100	5.847500	56.033000	54.156500	41.962110	41.030990
549	4.794100	3.163500	0.899700	4.200200	3.102400	11.297600	3.178400	2.744800	3.974800	3.652200	0.756100	1.813000	3.668200	2.993700	4.883500	4.170100	0.578500	0.000000	-0.438800	1.703500
550	2.742600	1.063100	-0.488000	2.261900	5.774600	5.665600	-0.682000	1.119300	1.779900	1.797300	-0.364400	0.000000	1.860500	0.507100	3.310300	1.611900	1.511700	5.392300	4.851000	7.866700
551	4.110500	2.005400	3.757700	0.000000	0.724600	5.350200	8.474900	2.466700	4.028500	2.243700	-0.160800	4.266900	4.756800	3.693400	5.202000	3.908600	18.975300	15.255300	13.116800	15.441400
552	1.732400	0.000000	11.029900	2.923500	7.690100	6.405300	18.332300	4.291600	1.724700	2.487000	9.775400	12.581300	15.324600	13.174900	6.996500	5.975200	54.263700	45.057700	35.588240	37.821630
553	-0.272800	-0.860200	-1.241600	-0.836200	-0.835200	4.995400	-1.230100	-0.048600	0.000000	-0.416900	-1.284500	-1.488900	-0.047000	-0.381200	0.496800	-0.058700	-0.378800	-1.012000	-0.895800	0.004000
554	1.337100	0.818000	0.481600	1.508100	1.199100	2.679800	0.130400	1.338400	0.604700	1.033700	0.569100	0.413900	1.307500	0.812400	1.242100	0.000000	0.941700	-0.899500	0.219800	0.482400
555	0.000000	2.562000	2.145800	3.388700	3.736900	7.646000	2.008400	3.253000	1.819900	2.331800	2.388900	1.592300	2.490800	2.006000	3.215600	1.800000	3.066800	2.552800	2.625000	2.287600
556	2.895000	1.535400	-0.291900	0.774100	0.000000	3.137600	1.263900	2.062900	2.446200	1.691000	-0.122200	0.826000	2.366200	1.700800	3.407800	1.739500	0.152800	0.262000	-0.040900	1.672500
557	0.461000	0.573600	0.591000	1.019200	0.588300	-0.618900	-0.045300	1.029400	0.960400	0.612000	-0.052400	-0.403800	0.053400	0.000000	-0.098100	0.230200	0.521900	0.238500	0.213000	0.369900
558	3.908900	2.845300	2.632100	2.427300	1.440900	2.227900	3.557600	3.020600	3.533500	2.902600	1.572700	3.492800	3.463500	3.050700	4.497300	3.292500	2.322600	0.000000	-0.785000	3.141700
559	-0.251600	-0.299500	-0.561700	-0.085200	-0.448600	-0.844000	-0.521700	0.000000	-0.363300	-0.446600	-0.676300	-0.688000	-0.632400	-0.392200	-0.754100	-0.350500	-0.710200	-0.810700	-0.835100	-0.172100
560	1.709900	1.170400	0.660800	0.813400	0.639100	2.197200	0.724700	1.018900	1.552900	1.058600	0.038900	0.605400	0.451500	0.628000	0.000000	0.612700	1.302900	0.682200	0.533900	1.269600
561	1.237400	0.732200	-0.655800	0.291300	-0.102000	0.457000	0.000000	1.106100	0.677900	-0.012200	-0.666100	-0.630000	1.349200	0.102400	2.162600	0.123900	0.228100	0.169200	-0.717800	0.763800
562	0.812800	0.316500	0.219600	0.935100	0.552300	0.736800	-0.299100	0.295100	0.030000	0.714200	0.114200	0.000000	0.787600	0.549700	0.949300	0.051000	0.602700	0.745500	0.633200	0.757100
563	6.383600	4.848600	3.047800	3.519800	2.707600	3.174600	5.678600	7.013400	6.483800	5.289900	2.390800	5.087300	6.104800	5.729200	6.949200	5.847600	0.000000	1.901500	0.796400	4.135400
564	1.845500	-0.142900	0.250900	1.488900	2.460800	6.111800	17.584000	-0.262800	0.913800	0.000000	2.310600	5.679100	3.759300	3.435900	2.575700	0.680800	19.750300	12.738900	13.517000	7.820900
565	4.118500	3.659200	2.128000	3.003900	2.521000	8.057300	2.664900	2.686000	3.252400	3.467400	1.386700	0.973600	4.977800	4.016300	5.611000	3.148000	1.566400	2.782000	0.000000	2.020200
566	0.570900	0.678600	-0.267400	-0.474200	-1.203500	2.704100	-0.027400	0.902900	0.015400	0.108300	-0.765400	-0.166000	0.022800	0.039400	0.000000	-0.554800	0.298200	-0.620800	-0.218500	0.158700
567	0.000000	4.813700	22.613400	17.733100	22.670600	17.392200	21.304100	14.676500	9.311300	11.733200	15.906800	18.877800	20.888400	18.269700	17.135700	17.022800	36.915772	33.108160	31.763000	88.139500
568	2.044000	1.644900	1.972500	2.587500	2.454000	0.000000	1.350600	2.291800	1.879300	2.305500	1.871000	2.045100	1.559800	2.112800	1.554300	2.156900	1.599600	2.058000	2.032300	2.313400
569	0.127000	-0.040100	0.126900	0.602600	0.422900	-1.727000	0.000000	0.573700	0.202300	0.417300	0.162200	0.023200	-0.461700	0.004500	0.082900	-0.317700	0.051800	0.289700	0.280800	0.625300
570	0.018300	-0.328700	-0.310000	-0.023700	-0.423000	-1.100000	-0.641700	0.000000	-0.309200	-0.184400	-0.599900	-0.796400	-0.565400	-0.714800	-0.105900	-0.194200	-0.188600	-0.103700	-0.305300	0.127700
571	2.017000	0.762800	0.446900	4.399800	5.764600	6.175300	2.613800	3.473800	1.307600	0.951700	0.624800	1.266000	2.802300	2.590700	1.780600	0.000000	3.538300	0.964000	0.294200	0.017500
572	1.144900	0.000000	0.894700	-0.002000	-0.215100	2.531700	0.041700	-0.134400	0.190900	0.535700	-0.941200	0.206300	1.858300	0.457400	2.903900	1.124200	6.301100	4.506900	4.142000	1.497500
573	5.507600	3.772600	0.559300	1.511600	0.000000	5.903500	4.247700	3.282800	4.893600	3.298500	0.533300	3.113000	3.979300	3.734400	4.830800	3.218500	8.648700	8.429500	4.480900	5.986300
574	1.544300	1.076600	0.000000	0.756900	0.428700	1.425400	0.836400	0.818600	1.411800	1.091400	0.241300	-0.113500	1.022300	1.049200	1.414100	1.329900	-0.048900	-0.260500	-0.625300	-0.039800
575	1.080100	-0.057200	-1.595700	-0.324600	-1.015100	3.662100	-0.262400	-0.735200	0.232900	-0.315000	-1.359900	-0.610900	0.000000	-0.315700	-0.093400	-0.151000	-1.070300	-0.889800	-1.035500	-0.153800
576	-0.237000	0.170800	0.419600	2.154300	2.008700	2.899800	0.238200	0.310500	0.120700	1.826600	0.262000	0.026800	0.360700	0.008300	0.000000	-0.188800	1.810100	0.101900	-0.003300	0.194900
577	-1.176300	0.642700	0.453600	1.605900	2.823900	3.862700	0.190800	1.414500	0.492200	0.544100	0.561100	0.200800	0.552300	0.446800	0.466800	0.000000	0.489700	0.341000	0.332000	0.469300
578	-0.138300	-0.086200	0.281600	0.139900	0.000000	5.859900	-0.185500	0.098400	-0.219000	-0.083300	0.066700	-0.055300	0.074300	-0.252900	0.170700	0.232200	0.308600	-0.080200	-0.255800	0.340600
579	1.406800	0.509500	-1.212500	-0.526000	-0.526700	-1.181400	0.082700	0.922600	1.313500	0.511100	-0.526200	-0.444900	0.000000	0.113500	0.792900	1.061900	0.854700	-0.787700	-0.724700	0.438100
580	3.455400	1.859500	1.158500	0.000000	0.485100	6.038600	4.006100	2.358200	3.348200	1.799500	1.837200	3.397300	3.547700	2.393700	3.522400	2.372000	4.657600	2.803100	12.217700	45.641100
581	0.665200	0.206700	-0.765800	-0.443300	-0.666500	0.239900	-0.902600	0.316500	0.699800	-0.009500	-0.711700	-0.518100	0.000000	-0.733600	0.890300	0.577500	-0.352400	-0.077400	-0.066900	0.696900
582	3.581400	2.780600	0.795200	0.665900	0.000000	3.911100	4.316300	2.482400	3.498900	2.161900	1.621400	3.664300	3.392200	3.264900	5.055500	3.583900	8.977500	10.024700	6.615700	7.368100
583	1.111500	0.789800	-0.308600	0.000000	-0.298900	1.380900	0.015800	0.458000	0.809500	0.388700	-0.083300	0.342200	0.597100	0.296100	0.786400	0.721600	1.329100	1.162000	1.904500	1.417500
584	1.726300	0.550200	-1.460000	0.641700	0.155800	2.553500	1.080300	0.000000	0.806300	0.495200	-1.340500	0.432100	1.522400	0.202200	2.268000	0.342700	2.498900	1.035100	-0.059400	7.904100
585	1.680400	1.090600	0.615700	1.214500	0.636000	1.232000	0.000000	1.774500	1.411400	1.495600	0.733400	0.347600	1.077800	1.038100	1.562600	1.377900	1.634100	1.072000	0.813600	1.662100
586	0.889200	0.512500	0.264300	1.495400	0.997300	0.290300	-0.037400	1.522400	0.691900	0.626500	0.000000	0.048100	0.490200	0.175900	0.787100	0.301500	-0.078800	0.044300	-0.104800	0.696200
587	0.000000	3.497300	3.820400	4.692000	4.625900	6.971400	3.385900	4.648100	3.613400	3.635600	3.661900	3.333400	3.768800	3.740200	2.553700	3.742400	3.791500	3.839500	3.660100	3.797500
588	1.414700	0.706100	-0.210600	0.239600	-0.480600	4.969000	0.516900	0.494300	1.077900	0.645700	-0.262300	0.028100	0.000000	0.105200	0.168200	0.565300	-0.299200	0.006700	-0.061400	0.697700
589	1.023100	0.678500	0.008500	0.504900	0.142400	0.206500	0.000000	0.639100	0.998800	0.574400	-0.237500	0.065800	0.554600	0.316900	1.032200	0.815600	0.652900	0.855300	0.674800	0.717600
590	2.332400	1.249000	-0.482300	0.609600	0.123800	3.858600	0.128800	0.461300	1.911000	1.062300	-0.609200	0.000000	1.067000	0.060200	2.367700	1.675000	0.311800	-0.137400	-0.485200	1.078300
591	1.195300	0.825500	-0.419900	0.793300	0.000000	0.317900	0.888700	0.773800	1.316100	0.659100	-0.128800	0.615400	0.656900	0.660500	0.742400	1.119400	0.852700	0.479800	0.319000	1.086300
592	5.504000	4.251900	0.000000	1.491700	0.603200	4.458800	6.975300	3.875100	5.561100	3.517300	0.274600	4.211400	5.162500	3.269900	5.127800	3.885000	16.892800	9.360100	4.589400	3.456900
593	2.051900	0.988400	3.401000	1.606300	1.009600	5.645800	0.427800	2.335600	2.090400	0.731400	-0.137900	0.000000	3.424700	2.247600	4.718000	3.255100	13.226800	18.104500	13.996700	13.177300
594	4.577400	3.110600	3.924100	2.284100	1.819300	0.000000	9.234500	2.265500	2.901100	3.705600	1.980400	6.196500	5.242600	5.861300	5.571800	5.435600	45.360000	8.524800	7.814800	14.596300
595	2.575200	1.217000	-0.178900	0.469900	0.147600	4.450900	0.000000	1.561400	1.986400	1.645100	-0.089300	0.335100	1.596400	0.822200	2.711100	1.685400	0.647900	0.408100	0.316100	1.968200
596	5.672700	4.542600	3.114600	3.409300	3.160500	4.676000	4.685700	4.554400	5.380500	4.436700	2.125100	4.410700	5.577200	4.432100	6.259100	5.245000	0.000000	1.533200	0.978000	4.092500
597	2.884500	1.984900	0.000000	0.851900	1.370400	0.908100	2.585500	1.764500	1.877300	1.203300	-0.350600	2.025300	1.209100	0.978900	1.240600	1.371600	9.861800	8.746300	6.155900	16.315500
598	6.462500	4.309000	7.404800	3.615100	7.430300	3.144900	25.361220	4.121400	5.103800	3.456000	8.957100	19.422100	8.212600	13.553600	0.000000	4.423100	37.758270	24.042700	28.485410	26.396900
599	1.504200	0.000000	-0.016200	0.741100	3.263500	4.107600	0.453000	0.307700	0.189900	0.246900	0.139500	-0.068700	0.621600	0.918200	0.709900	1.636000	2.323900	4.784700	0.702500	1.702500
600	6.660500	5.539200	3.449600	5.233700	4.313500	6.698300	0.000000	5.905500	5.845900	5.638200	3.705900	3.910900	5.883400	4.515300	6.603600	4.983800	4.655300	4.536200	4.826900	6.078800
601	3.090600	1.810700	-0.272900	0.000000	-0.712300	1.779900	1.725900	1.255700	1.721200	1.276200	-1.008200	0.985800	2.922900	1.691900	3.302000	2.279200	2.638800	2.967300	1.726900	6.568100
602	3.139000	2.086500	1.761600	1.835000	1.810900	3.618600	1.852400	2.988900	2.575300	1.876500	0.436000	1.761800	2.558400	2.205400	3.545700	2.679800	1.048200	0.000000	-0.766300	2.179200
603	0.891700	0.000000	-0.438700	0.353400	-0.154200	4.983900	-0.036200	0.870000	0.634500	0.575800	-0.870300	-0.297200	0.431200	0.277900	0.863800	0.655000	-0.590800	-0.236500	-0.407200	0.216000
604	3.486800	3.660000	2.700400	2.762100	2.384000	4.520300	3.377800	2.082400	2.150300	2.948400	2.673200	3.148800	1.270200	3.086200	0.000000	2.325200	3.131900	2.623900	2.502700	3.375300
605	-0.038000	-0.380900	-0.544500	-0.252700	-0.769800	-1.852500	-0.294000	-0.196000	-0.140800	0.046200	-0.898600	-0.368700	-1.308700	-0.839300	-1.227900	-0.365500	-0.608900	-1.036100	-1.449900	0.000000
606	0.800000	0.243100	-0.144700	0.749900	0.501500	0.856200	0.190400	0.763500	-0.046600	0.941100	-0.218500	0.022700	0.149600	0.000000	0.400300	0.013500	-0.026900	0.213000	0.157100	0.563000
607	0.868100	0.000000	-0.175600	1.329600	1.026500	-0.781700	-0.680300	0.325700	0.507600	0.717500	-0.229500	-0.421800	1.420100	-0.226400	0.505700	0.347700	-0.393900	0.351600	0.132700	0.200400
608	4.049600	3.053800	0.000000	3.108200	2.035800	7.353800	2.594200	2.394600	3.370400	2.845100	-0.074300	2.804500	4.517100	2.763800	5.078300	2.628400	7.923200	6.989100	5.265200	5.676600
609	1.237400	0.329800	0.127400	1.219200	0.512800	3.231000	0.366300	1.357300	1.161700	1.232600	-0.026400	0.000000	0.774200	0.019300	1.228800	0.632400	0.791000	0.688100	0.000000	1.237400
610	1.321200	0.556300	-0.094900	0.651000	-0.074400	5.416100	0.243500	0.110000	0.533200	1.078900	-0.314400	0.013600	0.772000	0.257600	1.391500	1.182200	0.000000	0.386500	0.267900	0.082500
611	6.397500	4.655800	1.276500	4.523700	3.907000	8.619600	4.658100	4.827600	5.040300	4.879600	1.246700	4.553700	5.472100	3.743000	6.245000	5.309400	4.688100	0.940000	0.000000	3.729500
612	2.770300	1.408200	0.174600	1.413600	0.133800	4.393300	0.151500	0.626000	1.770700	1.250200	-0.825100	0.000000	2.609600	1.140500	3.860200	2.347700	10.180700	12.703100	9.325700	9.709000
613	0.666000	-0.442200	-1.825700	-0.420500	0.147100	2.736300	-0.710600	0.071100	0.412900	0.178500	-1.642500	-1.006600	-0.514100	-0.547100	0.000000	-0.390300	-0.936900	-0.901400	-1.069900	0.163100
614	4.362300	2.822000	0.826200	1.479100	0.482400	5.988200	3.578900	3.279900	4.302600	3.093600	0.617500	3.887200	3.843900	3.214200	4.558700	3.445000	4.177200	0.882700	0.000000	2.682000
615	2.156500	0.000000	3.303100	1.085600	1.622200	5.053800	17.449600	0.068300	0.679300	1.422200	3.635100	10.477800	7.938600	7.183400	4.340500	4.408800	23.550900	18.480900	14.047000	9.996000
616	1.114600	0.000000	2.634000	3.015900	2.755100	3.262800	1.334800	2.142900	0.684600	1.480200	0.558700	2.075900	3.615400	1.668100	6.850600	5.206500	14.660000	8.551700	12.203800	31.783680
617	0.000000	3.386200	2.316000	4.554200	4.319700	8.980800	2.953100	6.029500	4.579300	3.525100	2.720500	3.242700	4.236700	3.981300	4.119600	4.577000	3.083800	4.514300	3.458600	4.081200
618	1.092900	0.904100	0.322100	1.294200	0.882200	6.153800	0.115800	0.639400	1.461800	0.781400	-0.054800	0.000000	1.175100	0.875100	1.503000	0.539500	0.259900	-0.204600	-0.393300	-0.332100