SITE	GLY	ALA	LEU	VAL	ILE	PRO	ARG	THR	SER	CYS	MET	LYS	GLU	GLN	ASP	ASN	TRP	TYR	PHE	HIS
1	1.148900	0.970300	0.685600	1.003500	0.487900	1.259800	0.766700	0.920600	1.236400	1.041300	0.000000	0.584400	0.686900	0.796200	0.945000	1.027300	0.942600	1.559800	1.380000	1.336600
2	2.318600	1.562400	1.161600	1.745500	1.240700	0.836300	1.469700	1.882900	1.930600	1.464100	1.153400	1.368400	0.592100	1.590800	0.000000	1.293500	1.119600	1.212900	1.154000	1.227700
3	1.106500	1.171900	1.427700	1.251100	1.469300	-0.145600	2.356800	1.044800	0.816400	1.987100	1.335000	1.699300	1.132900	1.949100	1.037900	0.000000	0.929400	1.094800	1.435700	1.436900
4	3.142500	2.038600	0.421900	2.613200	2.359500	1.070800	1.256900	2.621300	2.901800	2.273100	-0.121600	1.362600	3.342900	2.675200	4.139700	1.565600	-0.127700	0.000000	-0.321000	1.075900
5	1.850900	0.399300	-0.663300	0.149300	0.111700	-0.097500	0.294400	1.832900	1.423600	0.928900	-0.368400	0.128800	0.048800	0.000000	0.666100	0.597100	2.310900	-0.702200	-0.859600	1.397500
6	1.624000	0.574500	0.246400	0.447200	0.122600	1.280700	0.710100	0.581200	1.024400	1.082700	-0.278100	0.342100	0.000000	0.256100	1.097300	1.336000	0.306900	0.615300	0.551300	1.258500
7	3.289700	1.860700	0.000000	1.826400	1.016800	6.599100	2.479600	2.904500	3.274900	2.339900	0.199700	1.633300	2.338200	1.948600	3.481400	2.222800	2.297000	0.831400	0.363200	2.647600
8	2.005900	0.000000	4.360600	3.635700	3.566200	5.244000	12.433500	3.324100	2.230300	1.822600	5.749100	11.230300	8.836600	7.924600	5.458000	4.754900	36.310400	22.461400	14.451200	66.305300
9	1.848900	0.852100	-0.184600	0.600100	0.000000	6.536600	0.268000	0.519000	0.949900	1.209700	-0.259500	0.115100	0.812300	0.282300	1.583000	0.835100	0.420500	-0.166000	-0.440800	1.033900
10	1.388900	0.195200	-1.185100	-0.045100	-0.767300	3.168600	-1.017000	0.541700	0.424800	0.695300	-1.226500	-0.763400	0.532500	0.000000	1.248600	0.366600	-0.068400	-0.053200	-0.129100	-0.048900
11	5.962300	5.333400	2.457000	3.324300	3.538300	8.265400	5.969300	4.901500	5.767100	4.876000	1.941100	4.312200	7.817000	6.045600	7.715200	4.696300	8.032200	3.009200	0.000000	4.679300
12	0.617400	0.000000	-0.231200	0.399800	-0.111500	3.056600	-0.983800	0.641200	-0.273700	0.101200	-0.668400	-0.674600	0.234400	-0.070400	0.706500	0.638600	-0.357800	-0.016900	-0.085800	0.522700
13	0.763300	0.000000	0.761600	0.835100	0.915600	-0.725700	0.984900	1.658000	1.209400	0.690300	0.317300	0.918800	1.016000	0.930400	0.823100	1.501500	1.753800	0.285900	0.217500	1.984200
14	0.711000	0.227100	0.199600	0.296500	-0.087500	2.682500	-0.078300	0.351500	0.502200	0.396700	0.002300	0.190700	0.151900	0.000000	0.399000	0.148700	0.218500	0.310300	0.227800	0.638000
15	-0.252400	0.000000	-0.023500	0.523900	0.295600	1.546600	0.109900	0.226600	-0.288700	-0.819900	-0.324900	0.201000	0.014900	0.025300	-0.612600	-0.360000	0.062700	-0.033900	-0.327300	0.152100
16	-0.005900	0.032100	-0.267500	0.000000	-0.184100	-0.326300	-0.290400	-0.039600	0.139700	-0.033500	-0.195700	-0.206600	-0.212000	-0.659700	-0.120500	-0.178500	-0.186300	-0.195000	-0.184000	-0.086400
18	-0.188400	-0.051100	-0.080500	-0.033700	-0.346800	-0.628500	0.000000	-0.203900	0.029600	-0.193200	-0.781500	0.082700	-0.199600	-0.203700	-1.308500	-0.384700	-0.148100	0.120700	-0.395400	-0.222000
19	0.809700	0.874700	0.772000	1.402000	0.623400	1.389300	0.730600	1.939200	1.010100	1.532400	0.410700	0.975800	0.961800	0.605600	0.655400	0.000000	0.944100	0.600400	0.538100	0.843700
20	0.941100	0.498700	0.261700	0.702700	0.363100	0.328600	0.387800	0.762100	0.916000	1.029900	-0.240400	0.169600	0.000000	0.245500	0.329100	0.581000	-0.170600	-0.435800	-0.694200	1.400400
21	1.826200	0.944400	-0.161600	0.626700	0.000000	0.011800	0.398500	1.088900	1.597200	0.888900	-0.246300	0.160600	0.691200	0.434200	1.790800	0.822200	0.116400	-0.113800	0.130000	0.576100
22	1.051400	0.278200	0.054700	0.796800	0.356300	2.456600	0.758800	0.567000	0.195200	0.826700	-0.235000	0.268800	0.000000	0.223500	0.221200	0.219900	0.439200	0.546700	0.452000	0.725100
23	1.869500	0.464100	-1.325200	2.478000	2.136000	1.589000	1.523100	2.775900	0.979800	0.754900	-1.110700	0.977600	1.033700	0.000000	1.700400	0.765100	0.550600	-0.227600	-1.257600	0.279900
24	4.117800	3.292900	1.056400	1.782400	1.118400	5.032900	-0.206300	3.761200	3.379900	2.336100	0.000000	4.117800	3.292900	1.056400	1.782400	1.118400	5.032900	-0.206300	3.761200	3.379900
25	1.411000	0.221900	-1.479200	0.000000	-0.784700	1.582100	-0.100200	0.354200	0.532900	0.131700	-1.406300	-0.298800	0.693400	0.412900	1.901400	-0.490200	2.625700	3.022200	3.272700	1.167800
26	0.913000	0.886500	0.242200	0.763400	0.698400	2.444400	0.000000	1.319500	0.721700	1.005600	0.193000	0.092700	0.573500	0.691600	0.381900	0.381800	0.567300	0.172200	0.143500	0.866300
27	2.196200	0.390700	-1.870700	0.053600	-0.588400	4.718200	0.199700	-0.160200	0.733100	0.562900	-1.767500	0.164900	0.000000	-0.330600	1.163700	0.310400	-2.316100	-3.470100	-2.231400	0.492800
28	4.214500	4.069800	1.843100	3.489600	2.946700	3.317300	2.339800	4.105500	4.427900	3.618100	1.117100	2.196000	4.856000	3.205500	4.800800	3.559400	2.299000	1.950000	0.000000	3.250600
29	0.496800	0.000000	-0.880800	-0.090900	-0.276500	4.162200	0.098700	-0.182400	0.034000	0.100900	-1.033400	-0.248500	-0.311500	0.193100	0.178600	0.430400	-0.515300	-0.618200	-0.642600	0.147600
30	0.823000	0.594400	0.590400	0.811400	0.709700	-0.196500	0.705100	0.753400	0.701100	0.851300	0.388400	0.425200	0.184700	0.484400	0.250300	0.754000	0.084300	0.000000	-0.154800	0.647000
31	2.186400	1.570100	0.370400	1.219400	0.941700	2.925400	0.252500	1.175000	1.516100	0.677500	-0.038700	0.926200	0.587000	0.000000	0.027100	0.181800	0.787900	0.921700	0.120900	0.510200
32	0.000000	0.002000	-0.471900	-0.002200	-0.447500	0.879500	-0.219400	-0.016500	0.045600	0.095200	-0.581700	-0.509700	-0.541700	-0.476900	-1.727400	-0.438300	-0.291400	-0.799600	-0.874900	-0.257000
33	3.227600	2.523800	1.481200	2.027200	1.010700	5.297200	3.426100	2.152500	2.460600	1.987200	0.548800	2.933000	2.805400	3.041000	2.584900	3.007800	0.843000	0.821900	0.000000	2.436200
34	2.748700	2.274600	1.137700	1.950600	1.560200	2.945000	2.247200	1.927700	2.127700	1.831300	1.312000	1.871800	0.956700	1.975100	0.000000	1.696400	1.823900	1.440500	1.638500	2.154700
35	1.044800	0.000000	-0.314700	3.776000	4.027000	-2.261800	0.767500	1.944300	1.134800	0.856200	-1.056400	0.229300	-0.824400	-0.042300	0.301900	0.660800	-0.535900	-1.362100	-1.768600	0.275100
36	0.897100	0.210800	-0.182900	0.319600	-0.127300	-0.253700	0.000000	0.654000	0.348200	0.612100	-0.384600	0.005800	-0.187700	-0.229700	0.345200	-0.020500	0.119200	-0.067800	-0.563400	0.709200
37	1.242400	0.629300	0.252700	0.830800	0.408000	1.911400	0.000000	1.165900	0.924000	1.192500	-0.368200	-0.073000	0.973100	0.174300	1.327600	-0.259900	0.618100	0.855000	0.672600	1.555700
38	4.050700	2.231800	2.080700	0.000000	-0.673700	1.549500	3.595100	2.506100	3.916100	2.575700	-0.202000	4.330700	2.818000	2.241500	3.167000	3.333900	24.771300	19.583900	11.749100	23.846200
39	3.477900	2.073800	-0.109800	1.152400	0.000000	4.426800	0.684500	1.467100	2.430900	2.351100	0.168600	1.454600	1.368500	1.446100	2.993100	2.010200	1.390100	2.950900	0.623500	2.324700
40	1.194600	0.215700	-0.234700	0.428400	-0.059800	3.061700	-0.099700	1.017300	0.504500	0.886000	-0.572300	0.180300	0.000000	-0.090900	0.423000	0.144200	-0.508400	-0.269600	-0.345300	0.405700
41	3.159000	1.869200	0.000000	0.933800	-0.054500	4.205400	1.815900	1.983300	2.604900	2.238700	0.122900	1.241500	1.300900	1.552600	2.821100	1.031400	0.546900	1.401700	0.731900	1.861800
42	5.908300	4.110700	0.000000	4.247300	3.188700	7.463500	10.359400	4.252900	5.115100	3.931900	0.453000	4.795600	5.347100	3.978400	5.882400	3.755200	18.871700	10.340300	5.860800	8.094000
43	1.788600	0.743600	-0.534300	0.488700	-0.338700	4.228900	0.462600	0.044600	0.844300	0.833000	-0.429600	0.000000	0.529400	0.558300	1.467700	0.448900	0.669800	0.716400	0.573900	1.348700
44	1.496800	0.381900	-0.176200	0.718000	-0.030300	4.520500	0.180500	1.107900	0.750000	1.242400	-0.385300	-0.078100	0.337900	0.000000	1.004200	0.096400	-0.222300	0.341600	0.292700	0.452000
45	2.738200	1.702700	-0.152200	2.797500	2.733900	4.786100	1.382700	3.202900	2.155800	2.018600	-0.177500	1.155900	2.627700	1.482800	3.170300	1.722500	-0.347400	0.000000	-0.611900	1.077500
46	0.000000	6.967700	28.886900	19.468000	24.659200	17.339200	27.722100	18.827200	12.243300	13.983100	19.256000	26.349000	27.153900	29.062100	25.597000	21.957100	51.857770	60.216900	49.392222	43.111740
47	0.000000	3.959400	5.023200	7.133300	6.124500	7.911900	3.774400	4.668000	3.531000	4.909400	4.878400	4.251300	5.317600	4.924200	4.414200	3.849900	5.040200	4.653300	4.245100	4.362100
48	0.271300	0.000000	0.005000	0.445400	0.405200	-0.787100	0.029800	-0.009000	0.088500	0.358300	0.350400	-0.160400	-0.085800	-0.289400	0.014900	0.274100	0.294100	0.298400	0.307900	0.380300
49	1.181900	1.477400	1.325900	2.598200	2.302700	1.739100	1.443800	1.000500	0.502300	1.668600	1.558600	1.301600	1.575600	1.503500	0.000000	0.305400	2.272500	1.344700	1.348900	1.723600
50	5.240300	3.555900	5.246100	3.524300	4.310200	7.791900	4.469000	4.940100	5.118900	4.132800	1.385800	4.415100	4.690900	4.444400	4.117000	4.525700	0.000000	2.172800	1.769300	3.994500
51	1.556700	0.612500	-0.057900	0.630700	0.095100	1.290700	0.770800	0.927500	1.045000	0.924400	-0.802900	0.422300	0.000000	0.332200	-0.570100	1.430000	-0.597300	-0.228700	-0.487600	1.019200
52	0.795700	0.204900	0.222500	0.724700	0.169900	-1.702100	0.225200	0.761800	0.632500	0.803300	-0.199500	0.000000	-0.375900	-0.191500	0.390500	-0.222800	0.820400	-0.203600	-0.479900	-0.047300
53	3.090200	1.473500	2.121500	4.568100	4.782500	4.743000	2.619000	4.511300	3.196400	1.777400	1.024200	2.132300	3.215400	2.831100	0.000000	1.384400	4.238400	2.316000	2.392600	1.045300
54	1.989400	0.000000	0.317200	1.100200	0.615300	5.536300	3.627400	2.392200	0.739100	1.399500	0.249000	1.898300	4.642800	3.611700	4.930400	5.420200	11.647600	7.372100	7.373300	26.320600
55	2.476900	1.482100	0.068100	0.735500	-0.024800	3.928100	-0.157500	1.817800	1.809400	1.795400	-0.308000	0.000000	1.575900	0.819700	0.131000	0.643900	1.795200	1.113800	0.886100	1.714200
56	2.620000	0.975300	-0.071500	2.080800	2.266000	0.835500	0.654000	1.517100	1.703200	1.133900	-0.486700	0.000000	2.519300	0.932700	3.101700	1.627500	1.385000	0.754300	1.151500	1.730000
57	6.119600	4.285000	0.169500	3.383100	2.004900	6.500400	5.918100	3.633200	4.943800	4.076100	0.000000	3.760200	4.968800	3.905600	5.971500	4.599300	11.432700	12.080400	4.222200	5.112200
58	4.840800	3.252500	-0.152800	1.182500	0.000000	5.865300	4.758500	3.129700	3.670300	3.073000	0.120800	4.603200	3.429500	3.431700	5.501600	4.263500	6.818200	8.861000	5.600800	3.662300
59	4.310600	2.298900	1.841500	0.000000	0.617700	5.049700	11.700100	1.117700	3.133900	2.264500	2.250700	8.249100	7.149400	5.449800	5.005100	3.319500	16.185000	16.557600	10.565700	11.209700
60	4.939700	3.006200	0.000000	3.554000	1.686500	6.319900	5.545400	3.247100	3.702000	3.243700	0.001200	3.983600	4.353200	2.544000	4.765800	2.143100	8.010300	11.477400	6.061600	4.383000
61	1.732600	0.000000	-1.093900	1.064400	0.781200	5.981800	1.982100	1.312600	0.511800	0.765300	-0.916200	0.427700	1.236600	-0.371300	1.941300	1.261200	5.694100	3.763400	4.452800	5.821900
62	5.188500	3.695100	0.000000	2.363200	1.698200	6.310600	8.182000	3.842600	3.888700	3.146500	1.190500	2.580800	5.736000	2.883300	5.903500	3.091100	20.135900	10.219600	6.539500	26.331200
63	1.951100	1.095300	-1.037500	-0.804600	-1.390600	5.517100	2.133700	0.000000	1.982900	0.311000	-0.054400	1.885500	2.816600	0.762700	3.038700	0.727200	3.888300	7.337800	4.878800	3.411000
64	1.809000	2.013400	-0.182900	1.614100	2.258700	5.371400	0.000000	2.434400	2.018600	1.488900	0.091200	-0.078800	3.341500	1.740900	3.758300	0.772400	3.738200	4.081800	1.202300	3.055500
65	0.000000	6.745100	29.514500	19.493300	25.785200	14.383700	29.347400	17.751000	12.365400	12.561100	19.672700	28.290900	27.192300	29.004000	20.980500	20.330900	38.073000	33.257600	31.528000	75.250800
66	0.774000	1.039100	-0.229800	0.512500	-0.109200	2.055400	2.054300	0.099300	0.375100	0.340000	-0.051800	-0.171400	0.039700	0.376500	-0.229500	0.000000	3.165600	1.422900	1.425900	1.024200
67	2.774100	1.276900	-0.152400	0.431300	0.073000	3.037400	0.553500	1.817800	2.066200	0.903600	-0.443800	0.000000	1.912500	1.440400	0.926500	0.963500	-0.022100	0.535500	0.246500	1.172000
68	5.403800	3.682400	2.468500	2.193200	3.677900	0.000000	10.808400	4.204200	5.339100	3.660300	2.452600	7.561900	3.594700	3.824000	6.032400	5.125600	7.335500	9.359200	7.109500	6.352000
69	0.958600	0.446400	-0.664200	0.340400	-0.077700	-0.391800	0.000000	0.735900	0.850900	0.802500	-0.719100	-0.287700	0.384500	0.150800	0.796600	0.867500	-0.860500	-0.688500	-0.689500	0.612900
70	1.252300	0.108700	-1.153200	-0.190000	-0.659800	-0.758200	0.000000	0.746400	1.144900	0.744800	-1.207400	-0.173300	-0.086200	-0.190700	-1.199100	0.238400	-0.851500	-0.785600	-1.373400	-0.548400
71	4.281400	3.005500	0.664000	3.413100	2.377000	6.709400	9.467700	4.518500	3.718000	2.712700	0.000000	4.172500	4.936700	4.118300	7.107500	6.436100	18.857800	17.535800	14.022200	15.768400
72	3.093500	1.976500	1.579700	1.432700	0.911000	3.152900	1.339400	1.879300	2.215500	1.688300	0.000000	1.496200	3.252000	2.000900	4.884000	3.825100	7.923100	6.389200	7.846100	19.761200
73	0.408600	-0.201000	-0.061200	0.642500	0.197000	3.555500	0.352400	0.020500	0.113300	0.268700	0.000000	0.285300	-0.019900	0.021700	0.275700	0.392000	0.650100	0.223800	0.081100	0.603700
74	0.452900	0.420800	-0.857700	0.263400	0.283800	-1.150600	-0.098400	1.183500	0.639300	0.388100	-0.898800	0.000000	-0.446800	-0.312300	-0.090800	-0.068100	-1.344100	-0.369600	-0.884900	0.244800
75	4.080200	3.138700	2.036700	4.418500	4.312400	5.382100	8.618900	4.630300	3.833700	3.055800	0.000000	2.681500	4.948800	3.670500	4.709700	4.886400	11.538200	5.853100	3.444800	5.436900
76	1.111400	1.719100	1.898500	2.446900	1.953200	-0.192900	0.519000	1.353900	0.000000	1.235500	1.578700	0.256300	1.721400	1.569300	0.770300	0.917400	1.665700	1.625800	1.412600	1.559800
77	0.585000	0.143000	0.051800	0.407100	0.022300	-0.566000	0.157900	0.449100	0.478100	0.688700	-0.177500	0.000000	0.013400	-0.252800	0.468100	0.476900	0.034100	0.157600	0.101000	0.602800
78	1.201100	0.518900	0.272900	0.641200	0.288800	-0.897600	0.426200	1.022900	1.037900	0.849200	0.338500	0.304700	0.000000	0.333400	0.888300	0.981900	0.731200	0.092000	-0.145600	1.016000
79	0.000000	3.524300	13.739100	12.912100	15.219000	4.198800	14.821600	12.159400	6.100600	8.007300	11.283000	11.715100	15.724500	15.117700	12.232300	16.254900	29.912700	19.990900	24.212900	20.352800
80	1.361700	0.273400	-0.212900	0.151600	-0.203300	3.427400	0.010300	0.078300	0.552600	0.743800	-0.379500	0.000000	0.857600	0.144000	3.471100	2.484000	3.221100	7.025900	4.914600	6.192500
81	0.867300	0.000000	0.096900	3.098700	1.651500	6.951700	0.117300	1.614100	0.911200	1.035400	-0.114800	0.046900	0.384800	0.096600	0.624200	0.762100	0.085300	0.160700	0.130700	0.663400
82	1.772300	0.419800	-0.262500	0.003000	-0.347500	4.043800	0.302200	0.000000	1.202200	1.041800	-0.628900	0.132100	0.633300	0.033900	0.931000	1.215100	-0.247600	-0.058100	-0.267600	0.915300
83	4.355400	2.377000	0.953600	0.000000	2.171500	5.400600	8.781400	3.066600	4.500200	2.863800	0.068500	6.011200	4.920800	2.382100	4.924100	2.612700	17.389000	13.193300	6.846100	8.290700
84	1.151800	0.119000	-0.399800	0.861200	0.089400	5.040500	0.217300	0.718600	0.270400	0.829600	-0.863600	0.009600	0.000000	0.263700	1.056900	0.859500	-0.062500	-0.986400	-1.138100	0.671300
85	1.441100	0.000000	0.352700	1.067600	0.497600	4.462400	0.219800	1.103800	0.682200	1.343800	-0.416600	0.235700	1.036800	0.385400	1.348800	0.776000	0.191100	-1.093600	-0.063900	0.755900
86	4.812900	3.275200	0.000000	1.412800	0.239700	5.546500	2.479700	2.771800	4.588400	3.460300	0.250300	3.597600	4.811900	2.357600	5.398000	3.461200	5.129200	5.501300	3.281400	3.122700
87	3.483700	2.024200	-0.526600	1.011100	0.000000	5.449400	3.005700	1.870300	3.380000	2.185600	0.122500	2.116500	3.080800	2.433100	3.852600	2.969100	2.410900	2.409200	2.011100	3.165300
88	0.711900	0.047500	-0.141900	0.393100	0.012500	2.738400	-0.120800	0.207800	0.057800	0.405600	-0.220100	-0.099900	0.406000	-0.204900	0.856300	0.000000	-0.244700	0.065100	-0.113600	0.020200
89	2.582100	1.542000	0.735000	1.451600	0.844600	4.982400	-0.577400	1.043500	1.661300	1.423600	0.670700	0.000000	2.253100	0.912500	2.892100	1.388400	1.176600	1.447400	1.418700	1.087300
90	6.626000	5.540500	2.400900	5.085200	4.298400	7.943000	6.038700	7.145200	6.806500	5.381400	2.233100	4.616700	7.631100	6.098600	7.520200	5.660900	8.664300	0.000000	0.721700	4.589300
91	1.178700	2.001000	1.675800	3.291900	3.615000	6.987100	0.222900	2.846900	1.701800	1.807100	1.852800	0.000000	2.109600	1.613500	1.979700	0.928700	2.891300	1.368600	1.168100	0.824300
92	4.997800	3.387200	0.000000	1.611000	0.416800	4.819400	6.614400	3.754800	4.200500	3.231700	-0.215900	4.620000	4.616600	3.798400	5.266900	3.997300	8.054400	6.881300	2.374500	25.576400
93	0.448500	0.063500	1.015300	0.251100	0.107400	2.492500	0.255100	-0.527800	-0.295200	0.271800	0.145700	0.000000	1.121100	0.380100	1.248700	0.761100	0.926100	0.044100	0.386700	1.009500
94	0.428900	0.395800	-0.547100	-0.246600	-0.353700	0.016700	-0.001100	-0.268400	0.159600	-0.064100	-0.924300	-0.399800	0.000000	-0.020900	0.233100	0.385900	0.391600	0.004100	0.019300	0.595600
95	0.000000	2.592800	3.783700	4.820600	4.708200	5.764600	3.934900	4.644500	3.804000	3.716500	3.432600	3.856400	3.716600	3.826100	3.002000	3.812100	3.251700	3.676900	3.592500	3.990500
96	2.234700	0.860100	1.062500	0.269100	-0.096700	2.371400	1.157200	1.247600	1.471800	0.584800	0.012100	0.742800	0.952200	1.092700	0.592500	0.000000	0.989700	1.315700	1.248000	1.522200
97	2.693700	2.779900	2.129600	2.398400	3.989100	0.000000	2.535300	1.936500	1.334800	3.070600	2.650900	2.802000	2.068100	2.334300	1.896500	2.408200	3.798400	2.468400	3.959500	6.056200
98	0.492400	-0.100100	0.250300	1.033000	0.275400	-1.958300	0.100500	1.080500	0.000000	0.563300	0.443200	-0.274400	-0.652200	-0.061500	-0.379200	0.435000	0.467800	0.428100	0.438500	0.404000
99	0.381700	0.040900	0.042300	0.651400	0.302900	-1.072000	0.000000	0.624800	-0.104500	0.398900	-0.073600	-0.028700	-0.346600	-0.093300	0.243600	0.650700	0.558500	0.602600	0.515400	0.457900
100	1.124700	1.190400	0.768000	1.154500	0.998200	1.350900	0.966500	1.465900	1.186700	0.994800	0.871800	0.963700	0.776100	0.942200	0.000000	-0.299900	0.777500	0.551500	0.466700	1.075200
101	0.700300	-0.424100	-1.472200	-0.628900	-1.531200	1.684800	-0.787600	1.037000	0.399200	-0.337200	-1.371500	-0.862500	0.000000	-0.648600	0.233800	-0.368600	-1.250700	-1.428600	-2.029900	-0.251700
102	5.373400	3.976800	0.000000	2.530600	1.481200	2.427800	10.388300	2.775600	4.362400	3.389100	0.404700	5.917000	4.797200	3.227500	5.220100	3.430400	23.563300	14.945700	8.835800	6.818100
103	2.554300	2.379500	3.900100	1.362600	2.136700	4.057700	5.914100	0.000000	1.545200	2.013100	1.462400	2.084600	2.950900	5.696100	1.273100	3.531000	12.030800	17.797200	12.029600	20.938300
104	4.607300	3.365200	0.000000	2.791900	2.998300	0.329200	6.867600	2.427200	3.858800	3.165300	0.626600	5.033500	3.216100	3.634800	4.833200	3.497900	11.209600	3.826000	1.441000	3.013500
105	0.444400	-0.259000	-0.867300	-0.380200	-0.748800	-1.128500	-0.676900	0.115900	0.000000	0.017500	-1.417000	-1.019500	-0.586900	0.239300	-1.001400	0.144400	-1.109400	-1.546200	-1.985800	0.497100
106	6.375200	4.623100	2.499900	4.798300	4.237800	5.628400	0.000000	3.104200	3.863100	4.128300	2.478300	4.387900	6.174600	4.974000	4.251200	4.765400	3.293500	4.497000	2.113400	5.195000
107	4.329900	2.245300	-0.591300	0.000000	-0.099400	6.151400	13.817900	1.589400	3.215400	2.604200	2.646500	6.286700	4.273900	4.110900	4.288700	2.931200	17.091900	8.804900	7.616800	5.035200
108	1.981400	0.000000	1.060400	0.246300	2.286800	5.092100	4.005600	1.480600	0.762600	0.235300	2.005400	2.336000	6.848000	6.140200	3.870800	2.877800	22.191700	13.082300	13.096600	28.160200
109	0.991200	0.000000	-1.222000	-0.082900	-1.059900	3.006900	-1.031400	-0.087800	0.138500	0.485800	-1.552500	-0.886000	-0.317400	-0.621400	0.933000	-0.061200	-1.306700	-0.438900	-1.573300	-0.255800
110	2.172000	0.000000	4.283100	4.642800	5.263300	3.410300	17.568500	1.702000	0.803000	1.743500	4.082500	10.976200	6.237800	5.733400	5.903600	5.400400	36.231500	15.000200	14.768900	42.649260
111	3.993700	3.142000	0.000000	2.905000	2.881600	5.973500	1.927200	3.139500	3.598100	2.886400	0.665300	2.376600	3.070000	1.870600	3.209800	1.752900	4.917900	2.936300	1.119700	3.312900
112	1.462100	0.000000	1.855800	1.036100	1.861400	-1.571600	1.587000	2.498400	0.517400	1.702400	-0.382000	1.957000	2.810200	1.843300	1.668700	1.982600	15.029000	16.381900	14.696400	36.818400
113	0.000000	-1.160900	-2.425500	0.157800	0.402900	-2.555700	-0.398900	0.287500	0.012700	-0.793400	-2.424800	-0.938800	-2.793900	-1.521000	-2.243400	-0.751800	-3.416600	-2.522200	-2.928000	-0.577700
114	1.819300	0.691300	-0.473800	0.578100	-0.021700	0.171700	0.000000	1.030200	1.106600	0.522100	-1.059900	-0.436200	-0.486100	0.014700	-0.076700	0.182300	0.350300	0.533200	0.439900	0.954500
115	2.925500	0.976900	2.185900	0.288800	1.733700	6.684200	12.810600	0.000000	1.665900	1.366400	2.352400	0.000000	2.925500	0.976900	2.185900	0.288800	1.733700	6.684200	12.810600	0.000000
116	1.522800	0.033300	1.271200	0.228000	2.135900	3.460800	16.925300	-0.137000	0.663800	0.000000	0.131000	9.152200	4.855000	0.772400	2.517900	2.025400	37.078500	27.058800	22.274000	47.107360
117	1.251000	0.349600	-0.151400	1.336500	0.056600	1.324000	0.212000	1.159700	0.495600	0.786200	-0.213500	0.012100	0.323900	0.000000	0.217200	0.366000	0.110300	0.301300	0.218800	0.660300
118	0.976500	0.000000	1.769300	3.489500	3.556000	2.581100	12.702000	3.296000	0.486300	1.928600	2.913900	8.055300	8.942200	6.528200	6.670100	5.194800	25.105200	5.892000	16.426700	8.043500
119	4.033100	2.515700	0.000000	2.694700	2.270900	5.917500	8.190900	3.299700	3.135700	2.199700	-0.067500	4.279800	5.139000	3.507200	5.643900	2.626500	15.752400	15.480300	8.325200	9.246500
120	0.666600	0.001200	-0.267500	0.000000	-0.304300	0.711000	0.048100	-0.774100	0.030500	0.671800	-0.350000	-0.141600	0.324700	-0.168700	0.601000	0.576600	0.101400	0.105000	0.064500	0.703100
121	0.780200	0.140700	-0.394000	0.000000	-0.598400	-0.453100	-0.395600	0.360400	0.237700	0.388400	-0.831100	-0.677600	0.758600	-0.221600	0.967300	0.462300	-0.431700	-1.322500	-1.793800	0.618500
122	5.258800	4.114500	0.000000	1.947400	2.354500	8.491300	9.437800	3.818300	4.602200	3.817800	0.352400	4.856900	5.489800	3.366800	5.552600	3.421900	15.181800	16.115600	8.263900	6.792900
123	0.550200	-0.154800	1.166600	2.005500	2.063400	0.988200	0.318600	0.589300	0.000000	0.993800	0.305700	-0.039500	0.390800	0.081500	1.949500	1.625600	2.193600	0.514100	2.295500	0.896500
124	0.309500	0.344700	0.092000	0.554800	0.197500	-0.511600	0.262900	0.796800	0.310400	0.458600	-0.438000	0.218600	0.000000	0.267900	0.007200	0.238800	0.676500	0.250200	0.201500	0.582000
125	3.534000	2.520000	1.750800	2.898500	2.771800	4.529300	2.159200	2.656200	2.719600	2.710600	1.496800	2.014200	2.806500	2.344300	3.512700	2.655600	0.000000	1.529600	0.875600	2.021600
126	2.930200	2.306800	0.000000	2.520600	1.721500	2.883900	-0.214500	3.078000	3.103600	2.234100	-0.371600	1.559300	4.727800	2.333100	3.471000	2.176300	5.396100	5.910400	2.296900	2.608300
127	3.730400	2.166500	0.881500	1.474300	1.239700	0.000000	1.430800	3.247800	3.476000	2.298200	0.004300	1.474700	3.276500	2.182200	4.166700	2.911100	21.511200	26.453400	4.586900	5.721400
128	3.418600	2.193700	0.416000	0.000000	0.289800	2.276800	1.460000	1.899900	3.113100	1.879600	0.142700	1.403400	2.758300	1.599300	3.616900	2.752200	3.103500	1.249200	1.777400	3.811700
129	0.062000	0.243400	1.138000	1.057900	1.102500	-1.158900	1.612100	0.000000	-0.412700	0.603200	0.862100	0.439200	0.139200	1.397900	-3.243000	0.250400	3.427100	1.834700	2.425500	3.453800
130	0.000000	0.381100	0.928700	0.117900	0.213900	2.222800	1.741700	1.371200	1.213500	1.095600	0.876300	0.983100	2.271300	1.497400	2.478000	-0.045700	1.915200	2.397500	1.974500	1.048900
131	-0.082600	-0.551000	-0.245700	-0.120600	-0.436700	-2.364800	-0.353200	0.000000	-0.384000	0.145200	-0.515800	-0.464500	-0.414000	-0.628400	-0.121400	-0.093300	-0.287100	-0.037000	-0.033500	0.214500
132	1.223400	0.187200	-0.749000	0.187100	-0.231000	1.094700	-0.140200	0.000000	0.557300	0.788800	-1.030200	-0.507100	-0.360000	-0.845100	-0.569900	0.346600	-0.676500	-0.598200	-0.792500	0.385800
133	5.297800	3.570300	1.181000	6.058300	5.723500	7.145700	10.820300	4.566700	4.028100	3.846300	0.000000	5.782800	5.618500	3.259900	5.732500	3.788900	21.477000	16.263800	11.643900	10.488600
134	1.375700	1.313600	1.613000	2.513600	2.767700	5.393400	1.963400	2.315300	1.517500	2.235800	1.750900	1.625800	1.494800	1.445600	0.000000	0.471000	2.880400	2.570400	2.411900	2.385800
135	0.000000	-0.531300	-0.604000	-0.075300	-0.314500	-0.870500	-1.758800	-0.822500	-0.794800	-0.406000	-0.826800	-0.723900	-0.190700	-0.783300	0.231800	-0.258700	-0.604900	-0.724100	-0.805100	-0.916100
136	2.482100	1.604000	0.000000	1.227800	0.332900	1.726900	0.149700	1.513700	1.529400	1.668000	-0.087800	0.035600	1.633000	1.308700	2.207300	1.733600	0.223500	0.688700	0.342500	0.578300
137	-0.035300	-1.194300	-0.028100	-1.882400	-1.126000	4.088900	-1.488700	-0.262300	0.000000	-1.437400	0.216500	1.676400	2.446200	1.096700	1.218500	-0.092900	21.050300	18.562300	13.310600	27.648200
138	1.324400	1.011800	1.061200	1.342700	1.253000	0.000000	0.791800	1.253600	1.156800	1.344800	1.041200	0.875900	0.978400	1.175000	1.346700	1.382800	0.212500	0.862200	0.696600	1.286000
139	-1.016700	0.000000	-0.268200	0.702000	1.001300	3.144500	-0.415000	0.174800	0.012400	-0.269400	-0.494300	-0.643600	-0.615700	-0.494500	-0.531500	-0.761000	-0.613800	-0.518300	-0.642300	-0.535200
140	5.497500	3.980600	2.188600	3.365200	3.026800	3.011500	5.503100	2.136500	4.262900	3.738000	1.468000	3.847400	6.121800	4.399400	6.440200	5.246700	6.398100	0.000000	0.656700	3.412500
141	3.680700	2.560900	2.938700	2.739200	2.526300	0.000000	2.121200	3.915200	3.726600	2.423900	1.991500	3.043800	2.521800	2.920500	3.977100	3.365400	4.301000	6.059400	3.949800	4.599400
142	2.593700	1.515200	0.957700	1.100500	1.963100	-0.600600	0.000000	2.568500	2.144000	2.038900	1.005400	1.011800	1.424600	1.255900	2.902500	1.631600	1.739100	1.452400	1.173800	1.255600
143	1.613800	0.336400	-0.416700	0.202000	0.385400	-1.739900	0.534200	1.637200	1.647600	0.900100	-0.415100	-0.620900	0.571500	0.435500	2.447200	0.466300	-0.896000	-0.397200	-0.792300	0.000000
144	5.914800	4.534100	1.475900	7.269300	6.978900	5.439600	8.034800	4.490800	5.327100	4.220000	0.000000	3.842000	5.927000	4.864000	5.673800	4.922700	16.851000	12.969900	9.874200	7.150100
145	4.411300	2.869100	3.194000	4.578600	5.529000	8.859600	9.536800	3.791200	3.825700	3.254200	0.000000	3.829200	4.739700	3.338000	5.705200	4.779100	13.766200	18.106200	14.339700	11.467800
146	2.762100	1.838400	0.070000	0.128800	-0.835400	8.856600	-0.323700	1.301800	1.378600	1.490500	-1.147900	0.440200	1.516700	1.431100	1.595400	0.768600	-2.538900	-2.111300	-2.228200	0.000000
147	4.454400	3.364200	1.112900	2.584800	1.669900	0.000000	2.471900	3.963400	4.208800	3.591400	1.656100	1.469600	3.974800	2.000200	4.589700	4.004100	2.424100	1.336900	1.757500	3.738700
148	0.383400	-1.288800	1.734300	-0.527200	0.536200	-2.232800	2.029600	0.656300	0.000000	-0.376800	-0.974800	1.500900	1.948300	0.876300	1.524400	1.335700	3.290300	4.351300	1.605500	9.093400
149	5.024800	3.369600	1.793200	3.733600	4.958000	7.365300	6.817800	3.308900	4.033100	3.476200	0.838400	5.348200	5.481300	4.679900	5.728800	4.936700	4.034500	1.081500	0.000000	3.133400
150	1.465900	0.000000	1.973500	0.111800	1.901300	1.149600	2.852900	0.942600	0.902300	0.057300	1.088000	2.339800	5.133000	2.771600	4.694500	4.311500	7.605600	7.736600	6.877400	22.455400
151	0.000000	-0.820700	-2.985800	-0.739200	-1.243000	0.003000	-1.243400	-0.453600	-0.468100	-0.973600	-3.203100	-1.791600	-0.846900	-0.562800	-0.267500	-0.044900	-1.601000	-1.427100	-1.222900	0.700700
152	3.795100	2.590400	0.013700	1.413900	1.272400	5.520600	9.746600	2.075700	3.249700	2.440400	0.000000	3.551400	2.875500	2.826800	2.842200	2.939400	19.364200	15.003600	10.375400	10.417500
153	4.393200	2.645100	1.593100	0.000000	0.398100	3.454100	10.150000	1.696600	3.576900	2.107700	3.683700	4.406600	4.973400	4.867200	4.316200	3.293300	16.330400	10.763800	6.535000	34.906000
154	4.803800	3.331300	3.987800	5.235600	2.369300	1.188000	4.772800	3.186700	4.219500	2.949000	2.580300	3.809700	4.365900	4.533600	0.000000	3.130600	10.064500	7.558400	6.015800	8.095300
155	2.789600	2.036700	2.594300	2.358300	2.529000	0.000000	0.710700	3.599600	2.469400	2.134700	1.813700	1.127400	2.214300	2.053100	2.736600	2.430100	2.486700	1.687600	1.469000	2.438400
156	1.361500	0.868100	-0.033600	2.228600	1.764000	5.288800	0.513600	2.293100	0.000000	1.116100	0.308500	0.352200	0.747800	0.333100	0.836000	0.760300	0.675100	0.244400	0.140200	1.024400
157	4.739600	3.116700	0.000000	3.800100	1.715500	7.559500	5.209100	3.455900	3.531700	3.068600	0.013000	2.915300	4.479600	2.807000	5.019500	3.333200	12.961900	5.438700	2.507000	3.281300
158	3.234800	2.758500	3.098600	3.665300	4.088700	0.000000	3.267900	2.819400	2.012100	3.611100	3.537600	3.701500	2.056600	3.168800	0.479400	2.297800	3.062400	3.109900	2.953800	3.983100
159	0.000000	-0.401200	-0.598100	-0.108500	-0.449100	-2.319900	-0.681400	-0.165100	-0.062200	0.165100	-0.848200	-0.628600	-1.335400	-0.680300	-0.586000	-0.091000	-1.025500	-0.515400	-0.869700	0.029900
160	2.064400	1.525000	0.736900	1.353900	1.016000	0.736600	1.607100	1.547000	1.903100	1.689400	0.729000	1.160400	-0.586700	0.661700	0.000000	1.870400	1.250200	0.910800	0.786700	1.833600
161	5.009200	3.176600	1.924200	4.052700	3.103400	2.550800	3.934800	3.648600	3.838600	3.590100	1.391900	2.922200	4.243500	4.821700	5.280600	4.292700	2.610000	0.000000	0.487500	3.476400
162	3.243300	2.314800	0.000000	2.715700	2.072500	11.355500	1.617200	2.801600	3.126400	2.759600	0.256700	0.851000	2.178000	1.968100	3.514400	2.727500	0.913800	2.535300	0.148200	2.067300
163	1.423100	0.831500	0.590700	1.527600	0.891800	3.290700	0.000000	0.928500	0.805900	1.175200	0.059000	0.337500	0.834300	0.393600	1.287500	0.807500	0.618700	0.691400	0.647200	0.979800
164	1.550800	0.000000	-1.227500	-1.277300	-1.544900	2.471800	0.073200	-0.136800	1.419500	0.709600	-0.830500	-0.022100	1.317000	0.872500	2.033700	0.159100	-0.430200	-0.686000	-0.903600	-0.087100
165	5.059700	3.000700	-0.086100	1.056400	0.000000	5.452800	7.687500	2.834100	3.505700	3.127800	-0.042600	5.111700	4.895500	3.880800	5.084800	2.875400	17.939500	11.127800	2.543900	4.945400
166	4.140500	3.005300	0.000000	2.199000	1.358100	6.870500	1.488200	2.356000	3.590400	2.840000	0.446600	1.050900	3.142400	2.200100	4.428700	2.238300	5.354000	9.218900	6.092000	5.131200
167	0.655000	-0.687400	-1.649500	0.508300	0.532500	4.223800	-0.607900	0.081300	0.031100	0.178700	-1.211100	-0.741500	0.022000	-0.227500	0.000000	-1.643800	-1.088600	-0.878100	-1.091200	-0.808100
168	1.732200	0.000000	7.099900	4.350000	9.735200	8.851300	24.628600	3.160500	2.537300	2.073900	10.515500	15.282300	12.909600	12.778800	7.754200	6.455200	46.067060	32.476700	26.923700	45.495310
169	2.745300	0.902500	-1.866800	1.024900	1.363600	7.531600	3.423500	1.135700	2.265600	1.454900	-1.160900	0.946800	2.676500	1.958200	3.240400	1.913800	2.633800	0.563100	-2.347600	0.000000
170	0.314100	-1.085100	-0.983900	2.222300	1.971100	3.930600	-0.833800	0.840100	0.000000	-0.608700	-2.663900	-0.595000	-1.017400	-0.903600	1.163600	0.433500	0.722000	0.404400	-0.435400	2.176900
171	3.269000	1.744500	0.000000	2.745900	4.480300	6.687600	3.227200	2.513400	3.639200	2.880900	0.537000	2.097300	4.525500	3.268600	4.857300	3.231500	35.485300	0.852600	0.373000	3.006400
172	5.281700	3.538100	1.727200	3.919500	2.728800	11.318100	3.650200	5.889500	4.257300	4.033400	0.707500	3.359300	5.694500	4.602400	6.267600	4.881200	3.955500	0.000000	-0.031100	3.798000
173	4.539200	2.960800	0.000000	5.135100	5.181200	5.971800	2.375700	5.109600	4.603500	3.031500	0.193400	0.689600	3.377500	2.575300	4.506300	3.984400	8.779200	7.260700	3.452300	3.119900
174	3.547100	2.251400	0.000000	1.110600	0.790800	7.785500	3.069900	2.958900	3.579200	2.628100	0.457700	2.517200	3.179000	2.878200	2.630000	3.842400	2.909000	6.239600	2.704600	5.180800
175	1.707100	0.363900	-1.292600	-0.818300	-1.484100	3.278500	-0.199500	-0.269000	1.029200	0.687800	-1.631000	-0.482500	0.253800	0.000000	1.542800	0.778300	0.817900	-1.038500	-1.142300	0.694000
176	6.751400	5.032300	1.919600	5.432200	4.471300	13.550800	4.197000	6.619800	5.697300	5.226300	1.869000	3.801800	4.811500	4.929900	6.016700	5.916300	2.827800	-0.140000	0.000000	4.457700
177	-0.379900	-1.903300	-1.288400	-2.297000	-1.553400	4.819600	-1.121000	-0.791600	0.000000	-1.928400	-4.048600	0.390600	0.555400	-1.166000	0.293600	-2.831000	7.060400	2.828000	0.120200	3.198300
178	2.451200	1.285500	0.298500	1.553800	1.123600	4.101600	0.000000	0.703400	1.506700	1.449800	0.304200	-0.580500	1.825800	1.062900	3.732000	2.695700	4.517400	3.012400	2.535200	8.151700
179	1.426500	0.276700	-0.595500	0.000000	-0.430100	2.554200	-1.102100	-0.081600	0.750500	0.791100	-0.539800	-0.791000	0.351100	-0.411100	1.179700	0.228900	-1.246800	-0.462100	-0.500200	-0.148000
180	4.984400	3.305300	0.765000	1.143900	0.000000	6.215800	3.206900	3.227800	4.458600	3.438800	1.065600	2.831500	5.319800	3.405600	5.725500	4.259100	15.590400	7.769000	7.763100	6.229200
181	1.860900	1.341700	0.011000	-0.209700	-0.565700	7.601700	-0.225600	1.574300	2.040300	0.811800	-0.571700	0.231500	1.578000	0.967500	0.071300	0.000000	1.602800	0.666500	1.673600	5.234400
182	3.277100	2.910700	2.563000	2.943400	2.648100	0.000000	2.789200	3.478300	3.485800	3.084400	2.414400	2.166500	2.963000	2.608600	3.741100	3.336300	2.023200	2.066100	2.057900	3.363200
183	1.071800	0.233900	-0.075300	1.508700	1.101500	0.314900	0.188700	1.156700	0.614500	0.783600	-0.208700	-0.034600	0.029700	0.133400	0.485100	0.000000	-0.042000	0.147600	0.063800	0.269600
184	3.199500	1.828100	0.000000	2.682200	2.174500	5.848300	0.632500	0.965100	1.634900	2.191200	0.765100	0.618600	1.311900	1.161400	2.159000	2.713000	1.059800	1.182200	0.887500	2.636400
185	3.196000	2.656900	2.235700	2.883100	2.514700	5.685800	0.000000	2.013800	2.355200	2.745000	2.029600	1.652500	2.741000	1.981300	3.080800	2.574700	2.453500	2.302000	2.795700	2.399900
186	0.000000	0.086100	-0.040000	0.269300	-0.007800	0.012900	-0.507300	0.338400	0.007700	0.148900	-0.151100	-0.243300	-0.095300	-0.172500	-0.266400	-0.121000	-0.245900	-0.216200	-0.375800	0.132100
187	2.608300	1.767800	0.523000	3.400200	3.043100	4.174200	0.000000	2.694800	2.703900	1.854400	0.715900	0.499800	2.894400	1.322200	3.260000	2.430700	1.021500	1.004800	0.834100	1.881800
188	-0.150300	0.064400	0.855800	2.179000	2.360000	-0.364100	1.212200	0.000000	-0.712400	1.325900	1.184300	1.169000	0.554500	1.137800	-1.046000	-0.860900	1.630400	0.499800	0.519100	0.312600
189	3.235400	2.119700	0.860000	1.662700	1.234500	1.100300	1.981400	3.148300	3.054000	2.481400	0.975600	0.000000	2.808000	1.127100	3.098400	2.766900	4.100900	3.633300	5.319300	8.810100
190	1.886300	1.198600	1.001300	1.460600	0.980700	1.623500	1.284300	1.310800	1.357800	1.769700	0.780000	1.210700	0.000000	0.876300	0.875900	1.553200	1.346600	1.379000	1.309500	1.669600
191	2.020800	0.965600	0.371900	1.036600	0.451100	2.753600	1.119800	0.491600	0.686600	1.523000	0.346500	0.884800	0.000000	0.368000	-0.053200	0.911800	0.895600	0.892400	0.850000	1.249600
192	2.560500	0.750400	2.070100	0.000000	0.731500	4.336600	2.317700	2.110100	1.589900	1.022500	1.606200	1.200200	6.031500	7.948600	2.554300	1.016500	16.565300	26.721800	16.591500	14.720200
193	1.364800	0.000000	-0.418300	1.019700	0.923200	5.154900	0.766300	-0.657300	0.412100	0.480900	-0.411400	0.396200	-0.539000	-0.291100	0.088500	1.602300	-0.170500	0.106900	0.526000	-0.197700
194	0.127700	0.000000	0.054000	1.503400	0.971400	1.888400	0.024900	1.310600	-0.314800	0.612500	-0.024800	-0.075000	0.437500	0.275800	1.147800	0.096600	-0.032500	-0.019800	-0.080800	0.005100
195	0.795300	0.364500	-0.808400	0.665000	0.505000	1.099600	-0.574500	0.000000	-0.106100	-0.177600	-0.758900	-0.310400	0.465800	-0.248000	0.814100	-0.155300	-0.218700	-0.239000	-0.556100	-0.450700
196	4.162900	3.813600	1.791500	1.216100	0.755200	6.155000	4.754600	2.919200	1.740300	1.929500	0.828800	3.133900	5.015500	3.829200	3.777400	2.400000	5.009100	3.366900	0.000000	3.208200
197	0.410800	-0.537500	-1.440200	-0.467600	-1.283600	2.828600	-1.041800	0.000000	0.226100	0.013300	-1.600100	-0.814400	-0.595000	-0.727900	0.532600	-0.374900	-0.719200	-2.430000	-1.582500	-0.441500
198	0.832000	0.796200	0.072000	0.485200	0.314700	1.645700	-0.926500	0.491600	0.756600	0.737000	-0.039800	-0.251300	0.415400	0.000000	0.529400	0.445800	-0.270900	-0.357900	-0.457800	0.590000
199	2.390800	1.672800	1.102500	1.519600	0.550700	0.000000	1.193600	1.904300	2.209800	2.122600	-0.265200	1.337400	1.672600	1.597300	2.113900	2.168700	0.983900	1.360400	1.102700	2.544900
200	3.332500	2.270100	-0.312500	1.898500	0.918100	4.787400	2.007400	1.467500	3.477400	2.198000	0.000000	1.529300	3.464700	1.799800	4.065900	1.734200	8.858500	7.512700	4.242200	3.935400
201	1.196400	0.300700	-1.311800	0.280900	-0.748900	3.385200	-0.218000	0.602600	0.877400	0.690800	-1.454400	-0.723500	0.099300	-0.380900	0.659800	0.000000	-1.222000	-1.008400	-1.495400	-0.530100
202	0.679600	0.000000	-0.481600	0.358600	-0.419900	2.730800	-0.335800	0.801200	0.325200	0.720300	-0.621500	-0.341000	0.062900	-0.284200	0.567100	0.655500	-0.288800	0.091900	0.013600	0.618900
203	0.919100	0.000000	-1.129700	1.433200	0.408500	1.865500	-0.611900	1.596200	1.000600	0.467200	-1.195900	-0.767500	0.181600	0.015500	0.960500	0.041400	-1.946800	-0.825300	-1.051700	-0.212700
204	4.106100	2.244400	0.315500	0.000000	-0.932600	5.163800	0.442300	2.406800	3.864900	2.518500	-0.114500	0.746700	2.501000	2.292000	4.627400	2.873100	8.339500	9.089700	7.398800	7.877100
205	0.465600	0.978700	0.364300	0.751000	0.716800	3.129900	-0.605700	1.276300	1.074900	1.540900	0.616000	-0.509300	1.237700	0.867500	1.202600	0.000000	-0.007900	-0.595800	-0.598900	-0.369900
206	1.046200	0.781300	0.608300	2.772300	2.428800	7.159300	0.476700	1.093400	0.000000	0.855900	0.339600	0.281300	0.884100	0.834300	0.602400	0.922000	0.255600	0.499900	0.500300	1.011200
207	0.165900	0.223900	0.084400	0.397100	0.285600	-0.147000	-0.255000	0.385300	0.191400	0.304300	0.303100	-0.425200	0.211900	0.881800	-0.027000	0.000000	0.412700	0.023100	0.004700	0.376400
208	3.365400	2.533800	1.031500	1.494000	0.803200	3.492300	1.958300	2.252100	2.820900	2.056700	0.646300	2.097900	1.583800	2.708200	1.818600	1.750700	-0.288600	-0.825700	0.000000	1.949100
209	2.822000	2.453200	1.635400	0.899800	0.000000	8.869300	4.096700	1.648900	4.329500	3.159000	1.483500	3.637800	3.350300	2.888000	3.575600	3.588200	3.052000	2.106000	1.659900	3.440800
210	0.975100	0.829800	1.507000	2.098000	2.280500	-1.350200	2.292000	0.842800	0.000000	1.959300	1.692500	2.350000	-0.182700	1.695300	0.374300	0.300800	1.742800	1.609600	1.416700	2.161900
211	1.090700	0.368800	-0.305000	1.495900	1.039700	-0.381300	0.226300	1.493600	0.432300	0.566900	-0.194000	0.024400	-0.197900	0.293700	1.240700	0.254800	0.438300	-0.240200	-0.314600	0.000000
212	2.174700	1.687200	1.640700	2.098100	1.717700	1.169100	2.075400	1.626500	1.891100	2.479000	1.599500	1.846900	0.000000	1.435700	0.652300	2.217000	1.604000	1.759700	1.700700	2.027300
213	1.940600	0.695000	-0.523900	0.385800	-0.121900	0.415700	0.513100	0.162800	1.134800	1.164400	-0.499000	0.000000	-0.130800	0.217300	0.452800	0.846800	0.023700	0.306200	0.029700	1.205800
214	5.743400	4.484700	4.256900	6.261400	6.138400	10.553600	0.000000	5.629500	5.735000	5.141300	3.677000	2.480300	8.155800	5.635800	7.802000	6.141300	10.089000	17.042800	13.002200	18.156000
215	2.622500	1.511600	-0.136300	2.013200	0.890300	9.935500	0.000000	2.452900	1.731800	1.873900	0.472700	0.875600	2.337500	0.961300	3.476800	1.588000	0.957900	1.234700	0.063200	2.207700
216	1.189900	0.359400	-0.066600	0.671000	0.118000	2.354200	0.101500	1.023900	0.616500	1.051000	-0.701100	0.151500	0.000000	0.307200	0.604400	0.572600	-0.150800	-0.171800	-0.216200	0.829300
217	3.733300	2.205800	0.423400	3.577800	3.766700	5.427100	1.976800	3.319000	2.965600	2.692800	0.420500	1.642300	2.237500	1.860900	3.333600	2.785600	1.123400	0.369900	0.000000	1.741900
218	4.543500	2.869100	0.000000	1.562300	0.538100	7.101000	10.020700	2.890400	3.665500	2.796000	0.180400	4.554800	3.298500	2.284200	5.103200	3.249800	12.859700	9.367500	4.802800	3.702200
219	1.172800	0.258300	-0.103300	0.160000	-0.609700	4.531600	-0.750600	-0.285100	0.314500	0.470000	-0.925100	0.000000	0.808900	0.441300	1.892800	0.662400	0.379100	0.429100	0.360900	0.328200
220	0.887500	0.000000	-0.447400	0.371900	-0.287900	2.757200	-0.235400	0.075600	0.049700	0.642300	-0.796600	-0.395100	0.111300	-0.367700	0.856900	-0.030100	-0.501400	-0.164800	-0.332900	-0.056500
221	4.140300	3.527400	1.943100	7.191000	7.596800	6.081500	6.557600	5.764600	3.749600	3.327300	0.821600	4.929700	5.281100	4.695900	4.826000	4.189700	2.739500	-0.109500	0.000000	3.080700
222	0.000000	2.857000	2.869500	5.088800	5.075500	7.883400	2.002200	3.705200	2.825100	2.852300	2.867000	1.441000	3.086300	2.602000	2.882000	2.448100	2.942900	2.998700	2.910600	2.184900
223	4.477700	2.902100	0.000000	2.402300	0.952600	7.549500	3.098700	2.863600	3.709600	2.320600	1.128600	1.765700	4.791400	2.883800	4.767400	4.010000	9.740000	10.045200	3.979600	4.669100
224	4.067200	2.708400	0.472200	0.000000	-0.041800	5.803000	4.153700	2.055200	3.436300	2.121800	1.449800	4.606600	5.240700	3.349700	5.745000	2.566900	22.974900	14.880400	0.000000	4.067200
225	1.442800	2.582500	2.510400	3.783100	3.876100	3.799300	2.879600	4.399100	2.383500	2.682800	2.175800	2.478100	2.666400	2.819100	0.000000	0.888900	3.182400	2.571500	2.505100	2.932100
226	0.236900	-0.216100	-0.068100	0.281800	0.040400	-1.107600	-0.639700	0.270300	0.000000	0.213000	0.014400	-0.788900	-0.056900	-0.180300	0.168000	0.110600	0.207100	-0.344300	-0.556000	0.398000
227	0.486900	0.158500	-0.141100	1.160300	0.962000	1.645100	-0.768400	0.251600	0.278700	0.183700	0.058900	-0.282000	0.276500	-0.386100	0.264500	0.000000	0.544200	0.040300	0.057500	0.377800
228	0.000000	2.806700	11.863000	6.194900	6.922800	6.663900	4.566200	7.870300	5.059600	5.288800	5.226900	4.003700	6.595800	5.478600	7.877600	6.734300	13.821400	8.788700	8.953700	7.053500
229	2.353500	1.326200	0.497000	1.111400	0.673100	2.837800	-0.298500	0.950700	1.395000	1.623300	0.723200	0.000000	1.726000	0.882400	2.595200	1.113500	0.522900	0.440400	0.115100	0.847000
230	4.671700	3.131800	4.312400	1.905500	4.652000	0.000000	11.007000	4.515900	4.321900	3.085700	4.592500	7.239200	8.380300	7.909200	7.149900	5.257600	26.078000	20.686600	15.499000	53.636200
231	0.409200	0.295000	0.406100	2.529200	2.169100	4.641700	0.482700	1.868900	0.000000	1.348000	0.229800	0.276900	-1.761400	0.487900	-3.186300	-0.142500	0.918000	0.805600	0.758300	0.179000
232	0.466000	0.000000	-0.243600	0.073100	-0.325000	-1.309500	-0.005100	0.123100	0.280400	0.467100	-0.529200	-0.194700	-1.234200	-0.446800	-1.115800	0.203800	-0.821300	-0.238200	-0.261500	0.277100
233	1.120000	0.000000	-0.179700	-0.143000	-1.046100	-1.327500	-0.257900	0.380400	0.504600	0.327800	-1.122200	-0.060100	-1.572600	-0.343200	-0.717000	0.810600	-0.238400	0.027500	-0.038800	0.736200
234	3.744700	1.736000	-0.379300	0.000000	-0.191500	0.005600	8.411000	1.357200	2.953400	2.292000	3.283700	6.043100	3.144200	6.037300	3.124600	2.928500	11.784000	17.875500	9.529200	8.829700
235	2.290300	1.274500	0.153700	1.232000	0.296700	4.893800	-0.105300	1.806700	1.406200	1.775700	0.000000	0.676000	0.994000	0.626100	1.687700	1.547500	0.253000	0.740500	-0.229200	1.479500
236	1.073800	0.000000	-0.762400	-0.155200	-0.887800	3.029100	-0.114700	-0.370500	-0.586800	0.347300	-1.065100	-0.403200	-0.007600	0.069500	-0.244500	-0.093400	-0.780700	-0.473800	-0.528200	0.050900
237	1.706900	0.000000	3.021800	3.247700	5.329600	4.294900	16.628900	3.811100	1.344900	2.372200	3.799100	5.573900	7.268000	4.386400	4.191000	2.841500	37.151400	28.316200	20.028800	25.721800
238	1.644500	0.000000	2.009800	2.629300	4.017400	8.256800	0.787800	3.209900	0.806600	0.937900	-0.691800	0.683500	2.592000	1.539100	6.800100	3.387000	3.975700	6.457900	3.312000	24.900500
239	0.796000	0.043800	-0.173700	0.290700	-0.363100	2.466000	-0.499600	0.033200	0.210300	0.330200	-0.463000	-0.276000	0.100200	0.000000	0.950300	0.130900	-0.225900	-0.279400	-0.479900	0.124900
240	0.747000	0.000000	-0.019300	0.005900	-0.151800	3.108600	0.031700	0.720400	0.503200	0.332100	-0.477900	-0.034700	1.107000	0.331600	0.198700	0.911900	1.807300	1.348700	1.123900	1.116600
241	2.486200	1.405100	0.035500	2.253800	2.597500	6.355000	2.677800	2.506800	1.831800	2.007400	-0.725500	2.112400	3.905200	2.537900	4.885300	2.946400	0.764300	0.000000	-0.421000	2.344200
242	0.925900	0.349900	-0.033200	0.608400	0.218500	1.918700	-0.528100	0.143500	0.299100	0.532100	0.108200	0.000000	0.923100	-0.028000	1.187400	-0.772500	0.463800	0.468900	0.427700	-0.777000
243	-0.315600	0.083100	-0.800300	-0.257400	-0.437300	-0.205300	-1.309300	0.000000	0.015500	-0.374000	-0.316000	-0.758600	-0.080000	-0.792400	-0.162500	-0.485600	-0.636500	-0.677800	-0.717800	-0.804500
244	1.253100	0.000000	0.037100	1.757500	2.192000	7.100300	1.027600	1.568500	0.149500	0.360900	-1.372500	-0.024100	0.210600	1.268500	1.586600	0.078200	6.192200	1.157000	2.398900	1.701800
245	-0.274300	0.000000	0.906900	0.741300	1.059500	0.121100	0.709500	0.706600	0.624200	0.650900	0.621600	0.699800	0.739400	0.640600	0.294600	0.740700	0.778400	0.232400	0.077800	0.872600