SITE	GLY	ALA	LEU	VAL	ILE	PRO	ARG	THR	SER	CYS	MET	LYS	GLU	GLN	ASP	ASN	TRP	TYR	PHE	HIS
2	-0.243600	-0.009200	0.278300	0.430000	0.356300	0.280100	0.143800	0.216900	0.058600	0.126900	0.044800	0.135000	0.000000	0.166800	-0.374900	0.079800	-0.102700	0.300000	0.183900	0.321100
3	-1.831600	-2.073900	-2.020300	-0.180500	-1.385700	-3.026100	-0.468600	-1.162500	-1.070500	-0.969900	-0.812300	-1.336600	4.235900	-1.545400	-0.721700	0.000000	0.572800	-2.844300	-1.111200	3.303300
4	0.295500	0.405800	0.388900	1.400500	1.002700	2.727500	-0.649500	1.304200	0.269800	1.021800	0.682000	0.000000	0.191100	-0.119900	0.137300	-0.341800	0.409400	0.435600	0.309200	0.487800
5	5.056600	3.597900	1.820200	1.048400	0.000000	4.741700	4.941600	2.973000	4.488200	2.984800	-0.051800	3.668300	5.104900	3.493700	5.602000	4.021500	16.444200	11.897500	8.369400	5.866500
6	0.405600	0.232600	-0.552100	-0.154900	-0.590900	-0.546000	-0.528100	-0.154400	0.299300	0.089200	-0.263200	-0.269100	0.000000	-0.106100	-0.390500	-0.354600	-0.445700	-0.603500	-0.310400	-0.391400
7	3.719800	2.079100	2.662100	0.000000	0.610900	7.447200	10.109900	1.996900	2.628800	2.025900	2.553900	7.721600	8.293400	6.811700	5.699600	3.997600	26.427900	29.094000	18.598400	22.021800
8	0.205500	0.378100	0.304300	0.492000	0.193500	0.418400	0.107600	0.317800	0.169200	0.434800	0.637400	-0.298900	0.297800	0.001000	-0.001600	0.000000	0.256400	0.105900	0.420700	0.459300
9	1.613900	2.344600	3.095600	3.927000	4.546300	4.419400	3.203400	1.939700	1.211400	2.441100	3.143300	3.402600	0.940800	2.815100	-2.089200	0.000000	3.351000	2.132100	1.913600	3.077900
10	1.425700	0.573600	-0.333900	0.364900	-0.171500	-1.147600	0.578200	0.817300	1.090300	0.804000	-0.248100	0.000000	-0.563500	0.147300	0.190600	0.315500	0.945200	0.900200	0.835300	0.999400
11	1.200000	0.551300	0.138400	0.767300	0.263500	-0.053800	0.961100	0.871400	1.291600	1.364400	0.184500	0.638300	-0.737400	0.161400	0.000000	1.126300	0.701000	0.712100	0.587400	1.067000
12	1.526500	0.473800	-0.164900	0.376400	-0.045500	-1.549200	0.309900	0.215400	0.160500	1.214300	-0.167400	0.120900	0.000000	0.214800	0.933500	0.605600	0.461400	-0.562700	-0.711000	1.210800
13	5.843200	3.959900	-0.013600	3.653700	3.531800	11.973600	7.680600	5.092300	5.106900	3.854200	0.000000	2.679000	5.316200	2.233200	5.428500	3.362500	14.806700	10.785500	4.538500	5.052100
14	0.928900	-0.077400	-0.796800	0.148700	-0.525100	4.341400	0.213400	0.336300	0.488300	0.211200	-0.707100	-0.236000	-0.890200	-0.411200	-0.984300	0.000000	-0.981400	-1.157900	-1.499900	0.166800
15	0.810500	0.092900	-0.269400	0.354700	-0.305100	2.917700	0.000000	0.090900	0.338100	0.759500	-0.139000	-0.149700	0.206400	-0.076400	0.633300	0.520700	-0.043600	-0.340900	-0.476900	0.203500
16	5.310200	4.006600	1.984900	3.628100	3.233400	9.330900	3.201600	5.158500	5.229800	4.397300	1.866300	3.040700	4.695500	3.766200	5.467700	4.737700	0.000000	1.187100	1.251500	3.795600
17	5.324600	3.501700	1.108900	3.896500	2.968700	8.549000	4.082800	3.152200	4.080700	3.909500	0.911300	3.365200	4.621500	3.041800	4.902600	4.215800	1.590000	1.501700	0.000000	3.200000
18	1.051600	0.149900	-0.310200	0.324200	-0.286500	3.327200	0.022200	0.242800	0.242600	0.629100	-0.364700	0.050300	0.000000	0.053200	0.372500	-0.061600	-0.175400	-0.175900	-0.295900	0.207500
19	0.881300	0.228600	-0.313200	0.275600	-0.211500	4.218300	-0.116400	0.512200	0.942900	0.809200	-0.366500	-0.127600	0.000000	-0.066100	0.561700	0.390400	-0.630000	-0.152300	-0.384900	0.559500
20	5.600600	4.015900	1.382500	3.082400	2.436900	6.319200	2.982900	4.398600	5.059300	4.438400	1.325300	3.375400	5.364000	3.682200	5.800300	3.791300	2.753300	0.845800	0.000000	3.791100
21	2.106100	0.640800	-0.959800	1.634900	0.896000	4.845200	0.177500	1.123600	1.013000	1.149500	-0.836100	0.000000	1.160900	0.046400	1.513000	1.093700	0.659600	0.525500	1.074400	1.687700
22	0.878000	0.265600	0.158200	0.698400	0.204800	6.491600	0.170200	0.892200	0.956800	1.159400	0.255400	0.000000	0.669100	-0.026400	1.042100	0.588600	0.489800	0.643600	0.490800	0.620000
23	0.000000	-1.008300	-1.369500	-0.475900	-1.149400	2.318900	-1.725900	-0.547500	-0.254500	-0.392400	-1.430100	-1.648400	-0.340400	-1.157900	0.271300	-1.281700	-0.982900	-1.308800	-1.649300	-1.354200
24	3.374000	2.182100	-0.022200	2.786800	2.342800	3.978600	-0.254900	1.775100	2.488200	1.858000	-0.123400	0.014600	2.712300	1.638000	3.314900	0.000000	2.186600	4.691500	1.371800	0.010500
25	0.000000	1.740300	1.819300	2.263400	2.351800	5.064500	-0.783400	2.490400	1.647900	1.541200	1.657900	-0.737500	2.364900	0.708100	2.402900	1.193300	2.102800	1.661500	1.408100	-0.374400
26	5.810300	3.712000	0.000000	2.335600	4.532900	2.969500	9.099100	4.478300	5.524900	3.885000	2.296800	7.093800	4.851100	5.018200	6.141400	3.899100	5.579300	6.772600	4.794800	4.562800
27	1.335200	0.968000	0.268300	0.000000	0.190400	2.239800	0.385700	-0.403900	0.808900	0.890800	0.177400	0.206900	0.933400	0.581000	1.015000	0.295500	-0.245300	0.269400	0.145100	0.929800
28	0.721500	0.374000	1.809600	1.497600	1.153600	1.134400	0.586100	1.341400	0.541100	-0.017400	0.457500	-0.055100	0.748600	0.318700	0.000000	0.491800	23.427300	1.861600	1.984900	1.238300
29	0.632900	0.062800	-0.434500	-0.173300	-0.774300	0.063900	0.046700	0.000000	0.641500	0.552800	-1.012800	-0.252400	-0.112900	0.187500	0.298100	0.362700	-0.592300	-0.166000	-0.295000	0.360300
30	1.889900	1.172700	0.445200	1.839600	1.605200	0.947800	1.219200	2.062900	2.195700	1.494500	0.177100	0.671600	0.552400	1.248700	1.718900	0.882700	-0.129300	0.757400	0.000000	1.765400
31	2.699300	1.491300	1.159100	0.077200	1.292200	2.336300	9.461500	0.000000	2.732900	1.595700	1.351000	11.724200	5.101600	3.664400	4.759200	2.348700	23.770300	17.515000	12.879100	60.034600
32	0.350800	-0.467300	-1.131400	-0.572400	-0.899500	0.095000	-0.939300	-0.404200	-0.083700	0.327400	-1.395600	-0.506200	-0.003900	-0.654500	0.622500	0.000000	-0.445400	-0.633700	-0.621500	-0.014500
33	1.467700	0.450900	-0.078100	0.238200	0.227000	3.472800	1.439700	1.212000	0.000000	0.242900	-0.909500	1.661200	3.073800	1.417000	3.497400	1.334100	10.019300	8.848200	5.884200	5.058700
34	2.713000	1.316500	-0.152800	1.485400	1.975800	-0.268600	1.357000	2.826400	2.527600	1.603200	0.395600	0.863500	0.945200	1.056900	2.285600	1.171600	0.554100	0.000000	0.161400	1.740300
35	1.289700	0.248300	14.953700	6.634900	11.865400	10.243700	24.486400	4.214500	0.000000	2.639100	12.005500	17.866200	17.867300	12.345800	13.141600	10.978900	41.296300	30.462600	24.731300	50.302300
36	3.882000	3.449200	1.165100	3.772200	2.934000	1.966400	1.851100	3.445100	3.316000	3.442400	1.162400	1.978900	3.993500	2.952900	4.058300	3.390700	2.852100	1.502700	0.000000	3.070100
37	0.274000	-0.453400	-3.204400	0.086900	-0.181100	3.631400	0.767600	0.371500	0.787500	0.000000	-1.604200	-0.484200	1.420900	1.131100	0.826000	-0.182000	7.357700	8.389900	6.339100	46.000800
38	0.219400	0.012800	-0.490700	0.216900	-0.252700	-0.734600	-0.640100	0.196600	0.179800	0.150500	-1.068400	-0.430800	0.000000	-0.544000	0.254700	-0.079200	-0.876500	-0.497600	-0.697300	-0.113900
39	0.606700	0.357800	-0.462000	-0.137100	-0.467500	2.049800	-0.206200	-0.387800	0.000000	-0.010200	-0.514800	-0.459900	-0.449200	-0.568200	0.605800	0.241700	-0.488000	-0.547000	-0.650100	-0.139200
40	1.532500	0.437300	-0.213600	0.000000	-0.410600	-0.847300	0.957900	0.520700	0.580400	1.476800	-0.379200	0.558400	0.227100	1.013700	2.003400	1.962100	1.884900	1.337400	0.772700	1.372000
41	3.042600	1.992200	2.192400	1.183200	1.143400	0.000000	3.225700	3.426800	2.334300	1.968800	1.181400	3.513800	3.365900	3.513500	4.251200	3.496400	10.516400	11.837100	6.695300	6.797700
42	0.546200	0.326700	0.011600	0.447000	0.025800	0.292500	0.071700	0.354000	-0.297000	0.395900	0.084900	-0.042200	0.422600	0.414300	0.700300	0.000000	0.061800	-0.278500	-0.252000	0.336600
43	4.778000	3.889300	0.000000	2.661000	1.207800	4.049300	5.859500	3.750800	4.676400	3.404500	0.176900	2.173700	4.360800	2.835300	5.554100	2.893400	10.662400	10.713000	5.473000	3.360100
44	0.493400	0.031700	-0.025000	0.726700	0.324300	-1.004400	0.448800	0.697200	0.706400	0.712200	0.159100	0.198200	-0.068400	0.328100	0.000000	0.539600	0.516400	-0.534500	-0.564500	0.866700
45	-0.115100	-0.027200	-0.116400	0.386800	-0.040900	-0.686300	0.000000	-0.024200	0.027800	0.799800	-0.283100	-0.155800	0.444700	-0.107500	-0.551700	-0.381400	-0.463400	-0.708200	-0.432100	0.207400
46	3.188900	1.764700	0.584800	1.576700	1.357800	5.008500	1.915700	2.533000	2.334000	1.951300	0.123200	1.306800	2.825800	1.636900	3.884900	2.067800	0.710400	-0.177000	0.000000	1.638000
47	2.271700	0.924300	-0.136300	0.000000	0.356700	0.497300	0.106700	0.503200	1.206100	1.375200	-0.040500	0.139600	1.551500	0.814200	2.984300	2.287900	3.297400	2.058800	2.453900	0.961400
48	0.957500	0.067300	-0.099400	0.537200	-0.017300	-0.461100	0.067700	0.188900	0.168500	0.757300	-0.103200	0.087300	0.205300	-0.157300	0.585800	0.621500	0.226100	0.091800	0.000000	0.625200
49	1.983200	0.652400	-0.613600	0.435400	-0.427200	6.424600	0.326100	1.375700	1.649600	1.257400	-0.833200	-0.078900	0.467600	0.000000	1.374100	1.242000	-0.369700	0.069300	-0.131400	1.003300
50	5.070200	3.160700	2.760600	3.804900	3.867400	11.302000	7.137100	3.098800	4.930900	3.387200	0.000000	2.828700	5.750200	3.304000	6.612900	5.761900	18.982000	7.226900	6.117800	23.953500
51	0.891500	0.000000	-0.325100	0.686500	-0.131200	5.769800	-0.651100	-0.048400	-0.019500	0.816900	-0.451600	-0.254300	0.104200	-0.389300	0.864000	0.452400	0.249000	-0.136700	0.265100	0.393800
52	0.357600	0.101800	-0.986600	0.052400	-0.446300	1.150700	-0.824500	0.523800	0.000000	-0.192100	-0.782800	-0.508300	0.081700	-0.153000	0.544700	-1.242100	-0.521300	-0.641600	-0.736000	-0.559400
53	0.689600	0.000000	1.610500	0.850800	0.475900	12.193100	6.006400	1.496000	0.542900	2.297100	0.660000	4.943600	4.681100	1.908700	9.145900	5.478200	11.746900	12.422100	11.276700	8.552400
54	1.649300	0.306700	0.107000	0.070900	0.211700	1.025200	-1.192900	0.000000	0.180000	1.643200	1.599400	-0.861900	0.306900	-0.522500	0.262800	0.047700	0.392800	0.285200	0.269000	-0.357400
55	2.318900	1.903400	1.562600	2.362400	2.030600	2.332100	1.944600	2.551500	2.443000	1.813100	1.328500	1.574400	1.527400	1.336800	0.000000	0.698700	2.175500	1.672200	1.667600	1.894100
56	-0.159500	-0.417900	-0.693000	-0.195600	-0.582700	-1.687300	-0.758100	-0.182200	-0.198200	-0.089900	-0.966500	-0.832300	-0.315800	-0.653200	0.000000	-0.178300	-0.800500	-0.737600	-0.709100	-0.074100
57	-0.241500	0.000000	0.062200	0.554200	0.456100	0.053400	0.198600	-0.189600	-0.233600	0.644600	-0.021900	-0.041700	0.422700	0.154000	0.203300	0.177300	0.054500	0.200100	0.127800	0.470900
58	0.358900	-0.518800	-0.884500	-0.220200	-0.559500	1.488500	-0.563400	0.293700	0.553800	0.230000	-0.934600	-0.644900	0.067700	0.000000	0.763000	0.482100	-0.091400	-0.656500	-1.170900	0.456200
59	2.583000	1.170300	0.589400	1.951600	1.322900	7.680100	-0.323000	2.789300	2.284900	1.776200	0.498400	0.000000	3.418600	1.459800	5.166800	2.019800	3.367600	4.650300	1.829600	2.346100
60	0.292600	-0.236700	-0.548800	-0.017500	-0.464900	1.478200	-0.417900	0.264600	0.359000	0.544400	-0.889700	-0.513000	-0.297800	-0.699500	0.000000	0.202800	-0.682300	-0.896800	-0.561400	0.050500
61	0.354700	-0.139400	-0.767300	0.055800	-0.562900	0.997900	-0.603700	0.073800	0.000000	0.246300	-0.953800	-0.971000	-0.002100	-0.421500	0.407100	0.182600	-0.667400	-0.840000	-0.539700	0.189500
62	2.928400	1.239300	-0.138900	0.704100	0.000000	4.810100	2.436200	1.172400	2.668600	1.281100	0.890300	1.670400	3.067100	3.404000	3.309600	2.278000	1.485900	0.916300	0.413700	1.882600
63	2.880100	1.759500	-0.260000	0.747700	0.207300	7.747600	1.680100	2.112500	2.819000	2.361000	-0.616400	1.320300	2.344900	1.968800	3.357000	2.670700	-1.179400	0.000000	-0.628500	1.877700
64	1.450000	0.000000	-1.186600	0.247200	-0.412300	3.586300	-0.295800	1.331500	1.161600	0.752100	-1.161500	-0.534800	0.362300	-0.181300	1.008900	0.412600	-0.628900	-0.465000	-0.893900	0.366700
65	0.601100	-0.556600	-1.532100	-0.619700	-1.405200	2.453700	-0.979300	-0.698300	0.000000	-0.209000	-1.833400	-1.117300	-0.875000	-1.056900	0.076400	-0.692100	-0.312600	-1.244300	-1.417200	-0.680000
66	2.324300	0.000000	3.082400	1.820800	2.020100	4.788000	12.157000	5.949700	0.737300	2.258500	0.723100	9.730400	5.778800	5.313700	5.835300	3.914900	38.050500	23.099400	22.335600	36.596500
67	3.696600	2.164500	0.000000	0.875200	1.233200	7.053900	0.973800	2.405600	3.536300	2.376900	-0.377900	0.159400	1.443100	1.085400	2.385000	2.531900	4.246500	3.207600	2.411800	2.728600
68	1.404100	0.247800	-1.119600	0.000000	-0.705100	4.764700	-1.255600	0.722300	1.057700	0.577300	-1.012400	-2.717700	1.890200	0.651000	2.953300	0.485200	3.247200	2.995700	4.322200	0.381800
69	0.843200	0.049900	-0.601000	-0.271700	-0.625700	2.774800	-0.393800	-0.277500	0.375700	0.496000	-0.255400	-0.336000	0.000000	-0.455900	1.027400	-0.009000	1.176200	-0.498400	1.481900	0.785700
70	2.156500	0.000000	1.504300	0.283100	0.184700	1.400200	6.225300	0.409700	0.449200	1.245500	1.106800	5.688900	4.179200	4.211600	4.969700	3.749400	12.426000	6.329200	6.262100	9.171500
71	-1.091900	-2.494900	-3.135700	0.385300	0.584900	-0.192500	-0.988500	0.000000	-0.582500	-2.272900	-4.327200	0.258100	-0.202200	0.085400	0.208200	-0.982300	7.838100	4.981800	3.240000	28.473400
72	0.948600	1.663900	0.659000	2.512300	2.174200	11.365600	0.453500	3.994300	2.030900	2.043700	0.986100	0.000000	2.317300	1.584800	3.978500	1.972300	5.134800	6.941300	5.258500	2.827000
73	1.853700	1.502600	0.138400	0.807500	0.136500	1.172000	-0.846100	1.985600	1.796000	1.413300	0.125100	0.166500	1.608700	0.708800	2.032300	1.330200	0.615600	-0.564500	0.000000	1.059600
74	1.348400	0.188200	1.856100	-0.758800	-0.299700	1.344200	6.617100	1.000400	0.237400	0.000000	1.458800	0.484900	4.189000	2.850700	3.030500	0.297300	11.858000	9.874900	4.776900	25.121000
75	1.002100	0.000000	1.387000	1.334400	2.842600	-1.088100	5.408900	0.643500	1.531300	0.692100	-1.694600	-0.292800	0.851100	0.978300	3.592400	1.135200	7.669800	2.522100	0.709200	4.551800
76	2.591000	2.776800	3.332000	7.467000	9.218100	0.000000	6.724700	7.579200	4.713700	3.619900	3.039300	8.638600	7.172100	5.450900	5.188700	4.996700	30.470700	21.927600	16.791200	49.562200
77	3.924500	2.307400	0.545500	0.494900	0.000000	4.052600	2.385900	1.631300	2.875000	2.398500	-0.112900	2.656600	3.157200	2.449800	3.519600	2.794100	5.461100	1.809900	-0.098500	2.442000
78	2.663500	1.684600	0.324300	1.715700	1.226900	0.855700	1.112900	2.265500	2.742700	2.194100	-0.247000	1.193700	1.707700	1.218900	2.550400	1.444200	0.398300	0.000000	-0.768100	1.909800
79	5.737100	4.046600	2.160900	3.157700	2.081400	2.707200	5.061000	3.381700	4.663600	4.317500	2.363300	4.954200	0.000000	3.297600	3.628600	4.624800	5.553600	4.475200	5.566600	26.055000
80	1.871200	0.206400	0.781600	-1.394800	-1.098300	3.248600	10.380000	-0.363800	0.912500	0.000000	2.809200	3.906100	4.607200	3.725000	2.676800	2.117700	26.884300	7.520600	7.099600	20.104600
81	1.768100	0.000000	-1.665900	0.053300	0.165700	8.532600	8.314600	1.266600	2.191400	1.351800	0.440100	2.444000	5.057500	2.668600	3.236000	3.424200	12.607600	4.017500	0.930100	2.003300
82	5.791700	4.022000	1.293400	3.397600	2.777500	8.688800	4.917100	4.345100	4.495500	4.359300	1.049300	3.635800	5.006800	3.406200	5.780500	4.860900	0.000000	2.101800	2.033100	2.919300
83	3.966200	2.032400	3.221600	0.000000	1.052500	4.790500	11.737300	2.172500	3.481600	2.022300	-0.066800	3.858900	3.478700	3.366300	3.134600	3.060400	21.182200	11.902200	7.499900	4.904700
84	0.235100	-0.070000	0.031600	0.684300	0.270600	6.175000	6.792000	1.999100	0.000000	-0.024900	-2.210800	0.250800	3.633800	0.191400	6.901500	2.962800	29.082600	19.383200	14.171500	16.367100
85	-1.059700	-0.346500	7.723000	5.905500	7.842200	10.982300	16.194700	4.116300	0.000000	1.617300	6.535400	14.150400	9.727900	11.775800	4.414600	6.948900	43.071700	37.114000	27.070700	64.107700
86	-0.187500	-1.042600	-1.777100	0.094800	-0.482200	3.289400	-1.147400	0.000000	-1.019600	-0.238900	-2.004700	-0.987300	-0.715900	-0.700300	0.019100	-0.047800	-0.396700	-1.478700	-1.424300	-0.194000
87	0.000000	0.910300	1.947500	5.009300	5.425400	8.314200	1.933300	5.755800	2.486500	2.375800	1.031900	2.043600	2.967500	2.074300	1.961800	2.741700	2.207600	1.584100	1.380800	2.213900
88	0.400400	-1.143700	-3.104200	-1.573100	0.000000	-2.077900	4.178600	-2.641600	-0.018000	-0.183000	-1.929500	1.705700	1.021900	0.685500	0.302600	-0.716700	24.524400	13.758200	9.015100	9.519300
89	3.981700	2.125700	0.002600	0.000000	-0.377700	6.818000	7.321800	2.162200	3.032900	1.410000	0.677400	2.821200	3.446500	3.247600	3.615400	1.446800	14.502600	17.790400	11.256800	43.899100
90	1.184100	0.845100	-0.200000	1.148600	0.539100	4.714000	-0.491100	1.486400	0.852700	1.007200	0.502200	0.000000	0.983500	0.699000	1.354100	0.356400	0.331500	-0.079800	-0.277100	0.529000
91	1.953900	0.799500	-0.010300	3.089400	0.708800	3.489800	-0.434800	2.157000	1.994000	1.485200	-0.146200	0.000000	0.851900	0.693000	1.539400	1.055400	0.225100	0.554200	0.188600	0.718700
92	0.000000	3.067900	13.869200	12.916200	13.466500	11.421300	29.577300	11.250800	6.723600	7.928300	13.717200	24.331300	19.323800	17.673300	13.737900	14.272200	51.580300	31.484200	25.064600	32.021500
93	3.609300	2.399300	0.000000	1.479300	0.338500	4.428900	2.621600	1.849300	2.987400	2.521500	-0.266700	2.567900	4.217200	2.481800	4.350400	3.411300	1.282000	0.996900	1.028900	3.012000
94	1.093800	0.034400	-0.528200	1.935800	0.516200	3.042400	0.168200	2.313300	0.204700	0.545400	-0.604700	-0.239500	0.000000	0.057500	0.576300	-0.106400	-0.583100	-0.192000	-0.466000	0.063600
95	5.081500	4.404400	2.989800	5.039300	6.604300	9.664600	6.689500	5.961800	4.615900	5.000900	2.611500	7.121000	5.598200	5.031300	6.535000	5.062500	0.000000	4.019100	2.496000	3.779600
96	5.132100	3.934100	1.049300	3.469100	2.283800	4.166000	5.930900	2.981600	4.010300	3.930200	0.596800	4.241800	4.638100	3.982000	5.266400	4.473900	4.227400	0.650000	0.000000	3.189100
97	0.812400	0.147300	-0.498100	0.326200	-0.198000	1.101700	0.137200	-0.261900	0.079600	0.218900	-0.626400	-0.128200	0.000000	-0.183000	-0.662500	0.445000	-0.081100	-0.134500	-0.418500	-0.019300
98	0.517700	0.112600	0.070800	0.479200	0.045000	1.190700	-0.098900	0.378300	0.359800	0.292400	-0.093600	0.000000	0.187300	0.189200	0.348100	0.162900	0.127200	-0.527800	-0.299100	-0.165500
99	1.864600	1.998400	1.131600	4.222800	3.923100	5.082000	2.195600	2.680800	2.409500	2.739400	1.351000	1.704900	2.284200	2.080600	1.694100	0.000000	0.909900	0.212200	0.076900	1.930400
100	0.274800	0.000000	-0.552300	0.482700	-0.231300	0.055700	-0.487800	0.340800	0.089900	0.016800	-0.555800	-0.476600	-0.362800	-0.275800	-0.490900	0.051400	0.159500	-0.171600	-0.324900	0.687500
101	0.000000	-0.189100	-0.059900	0.121400	0.054100	-0.164100	0.222500	0.062900	0.267500	0.389200	0.098100	0.096500	-1.275300	-0.237500	-0.838100	0.258100	0.104800	0.098900	0.096100	0.223400
102	1.241100	0.411300	-1.097500	0.493300	-0.071100	-0.174100	0.397600	0.000000	0.785200	0.731400	-1.252900	0.092200	-0.003400	0.142100	0.634800	0.862800	-0.067500	0.030700	-0.714100	0.714600
103	3.630900	2.460100	-0.165200	0.679200	0.000000	3.519800	1.591500	2.125700	3.147500	2.090200	0.073800	1.065100	3.592700	1.850300	3.487300	3.143100	10.625000	5.934300	4.384100	5.181700
104	-0.033100	-0.052500	0.188900	1.065900	1.892400	6.454100	0.442400	2.247000	0.466700	0.573500	0.324400	0.000000	0.350600	0.380400	2.411300	1.706800	2.164200	0.799500	2.220200	3.055200
105	0.074100	-0.716600	-1.202800	-0.232300	-0.559000	-0.131200	-0.237700	-0.018400	0.000000	-0.069100	-1.157300	-0.674500	-0.930900	-0.677600	-0.523800	-0.211800	-0.309400	-0.519600	-0.701800	0.383300
106	4.875900	3.683400	2.485700	3.077400	2.936500	3.705600	10.718100	4.119900	4.900000	3.899600	1.339100	6.047800	4.478800	3.422400	4.605000	3.420600	0.000000	0.297800	-0.513900	3.042300
107	2.672000	1.036800	0.187600	1.664400	1.042100	6.845800	2.388700	1.438300	1.641000	1.545100	0.622900	0.809600	-0.021400	1.455600	0.000000	0.167500	3.196200	3.491200	2.621700	4.160500
108	0.365900	0.263600	0.046800	1.401700	1.114700	2.383000	-0.139800	1.613400	0.598500	0.683600	0.049300	-0.351000	0.000000	-0.131500	0.564200	0.738600	0.598600	-0.108900	-0.185900	0.937400
109	0.458700	-0.186600	-0.800800	0.783200	0.459600	1.006900	-0.981200	0.368400	0.000000	0.067700	-0.575100	-0.811500	0.420400	-0.513300	0.709200	-0.492100	-0.274800	-0.245100	-0.359300	-0.465000
110	5.179300	4.488000	3.110200	4.991100	4.136800	6.689300	5.454600	4.275500	4.857000	4.721700	2.917200	5.120600	6.249700	4.572100	6.662700	5.173000	4.474300	0.000000	2.200400	4.234200
111	0.280000	-0.170500	-0.213400	0.141500	-0.189400	-0.266800	-0.161100	0.000000	0.077700	0.316100	-0.217500	-0.247500	0.003500	-0.164500	0.267600	0.109600	-0.184900	0.005600	0.005200	0.331200
112	0.922300	0.207100	-0.516800	0.494100	0.068900	-0.631500	-0.212500	0.299200	0.247500	0.731000	-0.752200	-0.196300	0.000000	-0.439600	0.594900	0.582400	-0.162000	0.167600	0.068700	0.253700
113	3.242100	2.022800	0.000000	4.305000	4.420000	4.450900	1.965300	3.338900	2.378700	2.500200	0.237300	1.190900	3.588400	2.991000	4.682400	3.070700	3.196100	7.913700	4.223800	3.189100
114	2.159400	1.499700	1.445000	2.060300	2.230600	6.595800	1.433200	2.766100	1.533700	0.895500	0.509900	0.000000	2.883900	1.727600	4.000700	2.141200	9.343200	7.951300	7.794000	7.624400
115	-0.186100	-0.239100	-0.696600	0.000000	-0.001400	1.153800	-0.790400	0.740800	0.106400	-0.305100	-0.556700	-0.896400	0.123900	0.307500	0.607900	0.182600	-0.450000	-0.704500	-1.108500	-0.192700
116	0.821800	-0.045500	-1.007000	-0.602700	-1.365900	5.284600	-0.798500	-0.232200	0.020100	-0.336200	-1.225800	-1.057200	-0.582800	-0.640600	0.000000	-0.075500	-1.002800	-1.307700	-1.369600	-0.203800
117	1.997000	0.837700	-0.949800	0.000000	-0.631100	-1.070500	0.871400	0.594300	1.598900	0.620200	-0.697800	0.496400	0.759200	0.620100	1.569800	-0.178000	1.238800	0.918200	0.873900	1.587400
118	3.670500	2.165800	9.871400	3.789400	9.316900	0.000000	17.214100	2.520900	2.828500	4.190900	11.602700	9.322000	9.019000	8.496000	7.098800	7.317700	40.639900	23.942000	18.184900	47.468900
119	0.411700	-0.367300	0.063900	1.183000	1.156600	-0.576400	-0.223300	1.053300	-0.328600	0.375300	0.266400	0.000000	0.074400	-0.036800	0.220700	-0.242800	0.126600	0.452600	0.388600	0.549900
120	2.421300	1.843700	1.219800	1.080300	0.000000	0.031900	2.866900	0.823000	1.410800	1.981500	-0.575200	1.188700	2.292300	2.651100	3.009500	2.545100	2.399100	1.500600	1.154100	2.848900
121	1.580700	1.100500	0.687300	0.987800	0.683300	0.290900	1.289600	1.341100	1.462900	1.435900	0.677700	1.024200	0.000000	0.737200	0.095400	1.402800	0.763100	0.992600	0.739200	1.464900
122	1.859800	0.324600	-1.250600	0.960600	0.924600	-0.768300	1.224600	0.125100	0.889200	0.669200	-0.970100	-0.307100	0.858300	0.000000	0.715900	1.007500	1.388400	0.238600	-0.048800	1.569500
123	3.916900	0.000000	3.916900	2.478200	0.000000	2.870500	2.883400	1.843500	2.447400	1.838300	3.283100	2.768500	0.345300	1.218400	4.387900	2.410100	4.522600	3.066400	10.757000	10.449600
124	1.122700	0.130600	-1.578500	-0.590400	-1.296500	2.465400	0.425100	0.000000	0.353400	0.303000	-1.175300	0.215200	-1.044700	-0.438300	-1.101100	-0.585900	-0.493800	-0.613500	-1.048100	0.054200
125	0.000000	-0.659000	-1.108200	-0.010200	-0.557000	4.671400	-0.520300	0.166500	0.501200	0.074400	-1.254700	-0.756300	-1.116900	-0.804600	-0.885700	0.021100	-0.585900	-1.113800	-1.468100	0.184000
126	4.817300	2.970700	3.553700	4.291600	5.576200	12.606500	6.402200	4.745100	4.962900	3.674100	1.528700	4.708900	5.223000	4.679700	5.074800	4.571000	2.291300	0.000000	0.411200	3.845500
127	0.913500	0.033600	-1.021000	0.205200	-0.277300	6.636000	3.179600	1.646200	0.706700	-0.382300	-1.676600	0.710200	1.035800	0.000000	1.310100	0.094800	5.042100	3.111700	1.708400	3.478600
128	1.120100	0.618300	0.119700	0.770900	0.160200	5.096900	0.479100	0.469700	1.046900	1.374100	-0.169700	0.389300	0.297500	0.000000	0.615400	0.686200	-0.074000	0.065700	-0.188900	0.850500
129	1.903400	0.000000	1.995800	1.701000	2.336400	3.974900	5.690800	2.648800	1.865100	1.825800	1.451800	3.474500	4.131400	3.985600	2.903500	3.596300	13.390200	15.883900	13.611500	22.760100
130	1.831700	0.000000	3.030700	1.510700	1.844300	4.465800	10.584200	-0.210200	2.853200	1.793300	2.509300	5.898400	6.753300	5.739700	5.802500	6.698400	23.434400	14.893500	12.990400	59.762100
131	1.956000	1.099100	0.000000	1.073600	0.205200	3.559800	1.950100	1.879000	1.814100	1.605500	-0.219600	1.551600	1.327000	0.803600	1.789400	1.782400	1.269100	1.134200	0.741600	1.643800
132	2.316700	1.195700	0.150800	1.008600	0.305900	3.865800	0.658800	1.028100	1.508400	1.634900	0.168500	0.000000	1.223900	0.189000	2.020300	2.128200	0.976500	0.947400	0.784000	1.607800
133	6.249300	4.240200	3.009200	5.495900	6.362100	12.588200	5.277800	3.924100	6.408000	4.771000	1.470700	5.283300	5.233900	4.901300	5.912800	5.478900	0.000000	1.166600	0.274000	3.563800
134	3.896900	2.592600	0.953400	1.647900	0.938600	8.555200	0.000000	3.048000	2.906200	2.910100	0.783600	0.746400	4.178900	2.331900	4.363900	3.494400	12.734900	9.716800	6.406500	6.234700
135	1.110900	0.763600	-0.023100	0.568100	0.016700	3.423900	0.127800	0.998600	0.353500	0.780200	-0.004600	0.000000	0.372900	0.073900	0.903500	0.416200	-0.478700	-0.741000	-1.004400	0.662100
136	1.742900	0.692100	-0.103500	0.759400	0.262400	2.967200	0.923700	1.217400	1.161500	0.605500	-0.000500	0.501900	0.329100	0.679400	0.000000	0.872900	0.535400	0.454500	0.404700	0.714900
137	3.505700	1.616300	0.722900	0.562000	0.000000	4.974200	11.194500	1.725400	3.222100	2.104500	4.571900	7.961600	5.536000	4.152300	4.038800	3.477400	29.759700	28.583500	18.472500	21.399000
138	0.000000	3.070900	3.586300	4.746200	5.000700	8.444800	2.357800	4.022900	3.394900	3.279300	3.738600	2.696400	3.045200	2.664900	2.792600	2.350400	2.741100	3.341700	3.261100	3.048000
139	5.444600	3.858900	1.440200	3.424200	2.747200	11.089000	5.359200	4.572100	5.288600	4.060400	0.906400	4.733600	4.015000	4.058600	4.579500	4.757700	2.757500	1.494000	0.000000	3.094200
140	0.654200	0.279200	-0.305600	0.340300	-0.494200	0.091700	0.000000	0.493900	0.619800	0.192100	-1.053100	-0.155600	0.005100	-0.053900	0.769300	0.112700	-0.354800	-0.136500	-1.001400	-0.164400
141	1.934700	1.357500	-0.717800	0.000000	-0.905100	6.345800	0.841800	0.986500	1.603400	0.824400	-0.822300	-0.140000	1.537100	0.843500	2.177700	1.447500	20.020000	0.939400	0.038600	1.735600
142	-2.384300	0.508200	1.162300	1.803200	1.760900	5.791900	0.368400	-0.435600	0.670200	0.219800	-0.530200	0.177400	0.217600	0.858600	-1.305700	0.000000	1.801800	0.600400	0.630700	1.991700
143	0.580900	0.000000	-0.150200	0.285800	0.020900	0.175400	-0.227800	0.352900	0.385600	0.584700	-0.315500	-0.365000	-0.009200	-0.196900	0.240800	0.230000	0.071600	-0.048600	-0.503500	0.284300
144	0.924700	0.056900	-1.494900	1.334300	1.665400	-0.510600	-0.778500	-0.497700	0.004000	0.436300	-1.195700	-2.573500	0.559400	0.019900	2.047300	0.000000	1.855700	0.546300	0.146700	0.763300
145	0.576200	-0.307200	-2.677300	0.287900	-0.633100	-1.554400	4.550900	0.000000	0.017300	-0.702600	-1.601900	4.032300	1.191300	0.538800	1.049700	0.246000	4.079300	5.696900	3.739300	37.825000
146	0.358300	0.000000	0.149400	2.116800	1.994100	5.457300	0.741400	1.887900	-0.388300	0.816400	0.374300	0.209200	0.506400	0.730200	-0.050900	0.254800	2.834100	1.133200	0.983000	2.256100
147	0.776500	0.000000	0.014200	-1.170200	-2.013800	-1.119200	1.075000	-0.108700	0.886200	-0.393400	-2.183300	0.433600	-0.623900	0.578100	-0.715100	0.966500	0.177700	0.570900	0.494100	0.996900
148	1.196500	0.841000	0.000000	0.898300	0.003000	1.273100	0.912700	1.769000	1.549300	0.847100	-0.850600	-0.437100	1.222300	0.066300	0.851600	0.880500	1.425100	0.714700	0.425900	1.868000
149	0.053300	0.329600	0.453900	0.520800	0.413800	0.965700	0.303800	0.492700	0.000000	0.152800	-0.047500	0.403200	0.352900	0.435200	0.065500	0.094000	0.406600	0.260700	0.253600	0.324700
150	0.217700	0.425500	0.229200	0.683800	-0.162900	2.466900	-0.054300	0.175300	0.119800	0.238200	-0.081100	0.058600	-0.333700	-0.266500	-0.368500	0.000000	0.072600	-0.227400	-0.292300	0.490800
151	-0.372200	0.465900	0.175300	2.236400	2.118500	4.487500	-0.712800	2.134200	-0.244800	-0.229700	-0.307000	0.000000	-0.374400	-0.549900	-0.176300	-0.413900	0.297300	-1.864200	-0.928800	0.037600
152	-0.183400	-0.275500	1.962700	0.000000	0.745300	0.856000	1.545600	-0.474600	0.467200	0.173100	-0.148300	1.630500	2.322800	1.008800	1.761800	1.200300	2.274000	0.948400	0.533300	3.259600
153	1.958600	1.026600	0.000000	1.338300	1.459600	2.549400	0.071900	1.236100	1.119200	0.575100	0.360100	-0.044300	2.006600	0.778000	2.471400	0.758100	0.725100	0.039600	0.055800	0.242300
154	0.383600	0.000000	0.210400	0.605600	0.489700	-1.219100	-0.263800	0.389000	-0.205700	0.536500	0.166000	0.061000	0.478500	-0.025100	0.544500	0.517800	0.162400	0.163400	-0.011600	0.501300
155	1.146400	0.502600	0.037000	0.723500	0.295800	0.800300	0.157100	0.989600	0.762900	0.628400	0.010300	0.089100	0.000000	0.152400	0.483400	0.732100	0.228000	0.127600	0.063800	0.582200
156	1.380000	1.679600	0.891900	1.503500	1.253400	2.915400	0.670600	1.465500	1.424000	1.243200	0.575000	0.857100	1.269500	1.197200	1.210800	1.104400	-0.547200	0.000000	-0.574200	1.149400
157	2.247200	0.650800	0.461600	1.309500	1.004100	0.121100	0.191700	1.373600	1.007800	0.949300	1.861900	0.000000	1.063700	0.943500	0.676100	0.370400	1.958900	0.186400	0.151100	2.352800
158	3.068800	1.770500	-0.225800	0.000000	0.255600	4.661100	2.354200	1.742300	2.738600	1.752600	-0.188600	2.338900	2.924800	2.019200	3.771700	2.853500	1.977100	1.921700	1.035000	2.086800
159	3.624100	2.493100	2.227000	1.845600	2.271600	0.000000	3.170200	2.903000	3.192300	3.087600	2.810200	2.897000	2.360200	3.466900	3.207400	3.507800	3.653500	1.914500	1.692300	3.429800
160	0.000000	0.094000	-0.152100	0.262900	0.358800	-1.858200	-0.021700	0.223200	0.334700	0.506900	-0.143100	-0.300400	-0.550400	0.118000	-0.029300	0.485000	-0.453400	0.126300	0.111200	0.459500
161	0.553600	0.179000	-0.338200	-0.069100	-0.461800	-0.274700	0.373800	0.019000	0.610600	0.233400	-0.131000	-0.171800	0.000000	0.529300	0.138300	0.670000	0.429400	0.434800	0.359700	0.727600
162	4.045200	3.558400	1.667400	1.368500	0.000000	4.156000	4.118500	2.905500	3.299400	3.137900	-0.419400	3.729200	4.197700	3.308600	3.795500	3.458300	5.207100	2.487200	1.758300	3.991600
163	0.964700	0.278100	-0.660700	0.000000	-0.086800	2.059100	0.448400	0.106200	0.864400	0.733800	-0.561900	-0.080100	-0.254200	0.401700	0.533000	1.056100	0.073100	-0.430700	-0.424400	0.729500
164	0.263100	0.012100	-0.013600	0.247000	0.070100	-0.771800	0.128600	0.244600	0.498300	0.742200	0.000000	0.031000	-1.163300	-0.116000	-0.538800	0.521800	0.249300	0.242300	0.131700	0.522300
165	1.231700	-0.100000	-1.420200	-1.404400	-1.270400	-0.812400	0.550900	-1.355000	0.000000	0.268100	-1.513500	0.157600	0.043900	0.350300	1.011400	1.051600	0.598400	-0.139500	-0.201300	1.333600
166	4.505700	2.341700	-0.420900	0.000000	0.386500	2.497000	2.888300	0.459200	2.147500	2.562100	-0.773500	2.435500	3.235700	2.441800	4.053400	2.956300	1.257600	-0.051600	-1.188100	2.142200
167	1.316300	0.532200	-0.622900	0.468900	-0.436000	3.517000	0.348800	0.430500	0.965300	0.830300	-0.454400	0.000000	0.201200	0.225100	0.100900	0.361100	-0.498500	-0.332000	-0.444000	0.379700
168	0.831600	-0.027900	-0.391400	0.177300	-0.544400	2.693600	-0.430500	0.684100	0.683800	0.637400	-0.167300	-0.116300	0.000000	0.356800	0.303200	0.348200	-0.449000	-0.582600	-0.666300	0.490800
169	5.512600	3.675600	-0.105200	1.716200	0.459900	9.159400	6.711500	2.971200	4.315800	3.879600	0.000000	4.740700	5.031300	4.080200	5.578600	3.691500	10.688500	13.809100	5.624700	7.353600
170	3.217800	1.880700	0.000000	1.408200	0.262800	6.214600	1.389300	2.523400	2.488400	2.208600	-0.278700	1.065700	1.748500	1.296700	2.736900	1.481300	-0.239600	0.799100	-0.156800	0.837200
171	0.621500	-0.180500	-0.655300	0.727000	0.755700	2.845100	0.128900	-0.192400	0.000000	0.580900	-1.282900	-0.313200	-0.197700	-0.370100	0.024500	0.071700	0.013500	-0.710500	-0.736900	0.253700
172	0.954500	-0.249900	-1.119200	0.235800	-0.241900	1.159100	0.100700	-0.058200	0.042200	0.291100	-1.237900	0.143800	0.345800	0.196800	0.000000	-0.677700	-0.220700	-1.018100	-1.340700	0.318600
173	3.143800	2.193600	0.742100	1.975500	0.655600	4.337100	2.927900	1.814900	2.642500	2.803400	0.000000	2.815200	2.023300	1.440700	2.302600	2.445900	1.374800	1.232700	0.913200	1.134400
174	1.389400	0.541700	-0.037300	0.617300	0.000000	4.428500	0.283700	1.209100	1.189900	1.117400	-0.608500	0.140300	0.053200	0.204600	0.821600	0.735000	-0.248000	-0.394500	-0.599500	0.672000
175	1.521500	0.558700	-0.051300	0.553300	-0.011500	5.427000	0.000000	1.125300	1.080100	1.202100	-0.187300	0.151000	0.593000	-0.095100	1.121100	0.873600	0.444600	0.263300	0.177300	0.947500
176	1.687700	0.837500	-0.343800	0.724600	0.138800	4.224700	0.000000	1.534500	0.882100	1.357700	-0.905200	0.724200	1.588100	0.378300	1.926600	1.253700	-0.434900	0.263500	-0.805300	1.064400
177	2.781600	1.943100	1.025300	1.797800	1.051500	2.791600	0.000000	1.809800	2.016000	2.425800	0.124000	0.476900	2.330000	1.256400	2.683500	2.435500	0.313400	0.275000	0.292100	2.079900
178	2.112200	1.104100	0.358000	1.608300	0.851500	1.065100	1.288800	0.832900	1.199600	1.327500	0.149000	1.238100	1.414800	0.636500	1.283300	0.000000	0.725400	0.753900	0.565700	1.730900
179	1.134300	0.389900	0.000000	0.646500	-0.086300	1.693800	0.156800	0.956400	0.796100	0.941600	-0.688600	0.287900	0.280900	0.029500	0.653400	0.818300	-0.508800	-0.040200	-0.357800	0.818000
180	2.628400	1.469700	-0.442500	0.792200	0.000000	5.838700	1.444300	1.951100	2.828400	1.803300	-0.227100	1.248500	0.779000	1.004000	0.557900	1.320900	0.288600	0.117800	-0.753900	1.219800
181	3.731100	2.514100	0.000000	4.916800	3.638600	6.218300	3.405100	3.032100	2.630700	2.889000	0.812100	2.711800	3.163500	2.271800	3.273700	2.582100	1.731800	-0.086100	0.855000	2.965500
182	0.364600	-0.329800	-0.697200	0.445600	-0.113400	0.992400	0.086100	-0.238300	-0.866700	0.258000	-1.148100	-0.384400	0.138600	-1.380400	0.009400	0.000000	-1.300600	-1.142700	-0.376100	0.198800
183	-3.125900	0.325500	-0.220500	2.657900	2.435700	9.362000	0.000000	1.989600	0.067300	0.262600	-0.050600	-0.083500	0.762500	0.213600	1.190700	-0.178800	0.780500	-0.209400	-0.462500	0.220100
184	0.000000	2.398100	4.259400	5.367200	5.194200	5.710400	3.985700	5.192500	4.145800	2.426700	3.844300	4.085500	4.043700	3.994700	4.064400	2.519900	3.486100	4.123300	4.063300	4.261600
185	0.000000	0.008200	0.465000	0.405400	0.426100	1.794200	-0.316400	0.191100	-0.091800	0.079300	0.318100	-0.097500	0.083500	0.132000	0.250200	0.280900	0.066400	0.102700	0.104200	0.164900
186	0.729900	0.546000	-0.110600	0.542000	0.498800	0.095400	0.486400	0.545400	0.602100	0.468500	-0.023500	0.270800	0.306600	-0.126700	0.000000	-0.363500	0.072000	0.168400	0.087300	0.169700
187	-0.251900	0.275400	0.134400	0.950600	0.781300	8.085600	0.270100	-0.264800	-0.511200	-0.091400	0.425800	0.053800	0.000000	0.345700	-0.297000	-0.456600	0.228700	0.347200	0.435100	0.373900
188	0.608200	-0.653300	-0.743800	0.472600	0.336300	8.340400	0.612600	1.739500	0.632500	-0.718800	-2.593500	0.068000	0.175000	-0.065500	-0.510500	0.000000	-1.819600	0.139100	-0.019600	0.566500
189	1.468100	1.184100	1.294200	1.727600	1.742200	0.000000	1.665500	2.108400	1.858900	1.733500	1.379000	1.353500	0.771000	1.312800	2.264500	1.711900	2.382400	1.639000	1.587100	2.006900
190	1.315000	1.430300	0.289100	1.249900	0.875200	1.148200	0.000000	1.201100	0.949900	1.042900	0.573100	0.751800	1.084600	0.584400	0.160300	0.849800	0.698100	-0.255500	0.256400	0.884100
191	0.000000	2.644300	2.893000	5.396400	5.037000	7.190100	2.679900	4.139200	3.110800	2.930200	2.568500	2.733500	2.779000	2.888000	2.835500	2.871500	2.539300	2.600200	2.767300	3.145700
192	0.541500	0.404100	0.539500	0.729000	0.515600	0.000000	0.534400	0.552900	0.791800	0.739400	0.708500	0.514900	0.445100	0.553100	0.604500	0.786300	0.663900	0.655900	0.663900	0.730200
193	-0.066900	-0.209300	-0.281000	0.000000	-0.065600	-0.563800	-0.222000	-0.061000	-0.048600	-0.045500	-0.471100	-0.316500	-1.042300	-0.708000	-0.585600	0.111400	-0.945600	-0.139000	-0.143200	0.147900
194	0.063900	-0.791000	-1.210200	0.670500	-0.087400	-0.902500	-0.942300	1.442900	0.000000	0.063600	-1.042400	-0.558100	-0.385400	-0.322900	-0.306600	-0.072500	-0.811300	-0.463400	-0.506900	0.044100
195	0.470900	0.626500	0.011000	2.041300	1.308600	6.343100	1.088600	1.697300	-0.349400	1.095600	-0.355000	0.477000	0.447200	1.165800	0.208100	-0.500200	-0.008200	-0.417000	-0.808900	0.000000
196	1.138300	0.315500	-0.787300	0.607100	0.075200	6.807500	0.054600	1.316400	0.354700	0.429900	-0.812500	-0.426300	0.000000	-0.244000	0.663000	0.822700	-0.196400	-0.267300	-0.385300	0.589800
197	1.029100	-0.291500	-1.338700	-0.686900	-1.104800	-2.343500	-0.210600	0.712600	1.248700	0.409700	-1.147400	-0.284600	-0.656900	0.629200	-0.497400	-0.113900	1.501400	1.367200	-0.490300	0.000000
198	2.955600	1.585700	-0.298100	0.000000	-0.606800	2.507300	-0.111300	0.968000	1.951900	1.975200	-0.398800	0.624600	2.612300	1.661200	3.470600	2.304000	3.203600	1.920600	0.490500	2.274100
199	0.557900	-0.363500	-1.175700	-0.286700	-0.869200	1.995700	-0.178300	0.671500	0.051500	0.217400	-1.175200	-0.522000	-0.690700	-0.699400	0.000000	-0.770300	-0.667600	-0.595600	-0.430300	0.327200
200	5.531500	4.161400	2.423700	3.386800	2.857700	9.278300	4.008200	3.674700	4.483600	4.548100	1.430900	4.066900	5.234900	4.376000	5.843400	4.933900	0.000000	1.512500	0.708100	4.016900
201	1.861300	-0.175800	-3.152600	-1.635900	-0.485900	4.079000	0.863600	0.197100	0.519500	0.000000	-2.636600	0.998100	1.465900	-0.412300	1.832000	-0.501000	2.850500	12.371900	5.320000	26.529100
202	1.125500	-0.127700	-0.743600	-0.361500	-1.070600	3.518200	0.000000	-0.457600	0.169200	0.505300	-1.358900	-0.463600	0.614100	-0.253500	1.468500	0.617100	-0.653200	-1.068000	-0.601200	0.392200
203	0.919100	-0.330200	-0.988800	0.815000	0.230100	0.025100	-0.288400	-0.040400	0.192000	0.094900	-0.877000	-0.503800	0.000000	-0.708400	0.902900	0.221900	-0.238600	-1.328800	-0.694600	-0.083800
204	4.408000	2.802400	0.888000	1.772600	3.246900	7.532700	2.760900	3.651600	4.571700	3.581700	0.794400	3.092400	3.801200	3.191100	5.423900	3.364900	-1.231200	0.644200	0.000000	2.407400
205	3.829000	2.029700	0.285500	0.000000	-0.618800	5.991000	2.469200	1.356900	2.850800	1.824400	0.205500	1.686100	4.183100	1.956600	4.440800	3.118200	7.887200	3.316000	2.659700	3.429600
206	0.345600	0.432200	-0.077300	1.405000	0.727300	3.323200	0.105100	1.390700	0.136100	0.865500	0.024400	0.000000	1.146100	0.430300	1.529000	0.548500	0.319400	0.230400	0.022100	0.243000
207	0.000000	3.391800	2.273700	4.381000	3.684800	9.023600	2.673200	4.876500	3.694200	3.027500	2.056700	2.572500	3.427600	2.892500	3.974600	2.874000	2.356200	2.450700	2.301600	3.404000
208	1.211500	0.681800	-0.036700	1.060100	0.120700	0.769900	0.487500	1.242200	1.102300	1.194500	-0.174200	0.000000	1.114200	0.124500	0.983400	-0.271300	0.303800	0.108800	-0.126200	-0.148400
209	3.285500	2.064300	1.488900	2.153900	2.921600	2.650800	2.195900	3.884400	2.943600	2.172300	0.686800	1.262900	2.509000	2.057200	3.678300	3.073500	1.882000	0.000000	-0.480700	2.241700
210	0.294300	0.174500	-1.106000	-0.155000	0.000000	-1.119700	-1.098500	-0.085300	0.378900	0.013400	-0.892000	-1.197200	-0.834100	-0.495100	0.084700	0.422200	-0.481200	0.164700	0.103200	0.790500
211	1.815400	1.145500	0.313800	3.040900	3.088300	3.226000	1.736300	2.444000	1.396100	1.606300	0.000000	1.157800	1.514200	1.331500	2.303500	1.325800	1.064700	0.798400	0.398800	1.406900
212	1.762500	0.000000	-1.915900	-1.070500	0.713300	4.417000	6.225600	0.342600	0.380200	0.134300	-0.067000	8.381700	2.227500	2.648800	2.450800	0.701000	8.159200	4.710500	1.521300	4.372600
213	2.687100	2.353100	1.337200	2.606800	1.805300	1.837900	2.071100	2.234300	2.530100	2.594700	0.455000	1.839600	2.110000	2.240300	2.541900	2.628200	0.914800	1.455500	0.000000	2.195400
214	1.861100	0.687300	0.747200	0.654300	0.600000	2.358800	-0.212000	0.436400	0.500300	0.508000	0.456400	-0.037300	0.620300	0.086300	0.417800	0.000000	0.013300	0.310000	0.306500	0.760900
215	2.150200	0.711900	0.934800	1.328500	2.791500	0.000000	3.998900	2.598800	2.887500	1.210400	1.747800	5.843800	3.704400	4.787800	4.688000	4.303300	10.399400	7.126400	5.977700	6.544500
216	2.939000	2.601300	2.396000	2.736400	1.838200	0.000000	2.597000	3.712700	2.388000	2.490700	1.503800	2.333300	3.248900	2.980800	3.073200	2.747700	2.971400	2.187500	1.865200	2.811400
217	3.746000	3.090300	2.128000	2.131200	1.626200	3.801100	2.922400	3.505900	3.483800	2.518300	0.651900	2.872800	2.921000	2.237000	3.125600	3.062300	0.000000	2.341800	2.083600	3.601300
218	0.000000	2.029600	2.355300	2.686500	2.517700	6.549100	1.985500	2.457100	2.235500	2.208100	2.103800	1.875100	2.220400	1.614100	2.234500	1.711800	2.089100	2.070300	2.029700	2.222400
219	1.056800	0.239900	-0.203200	0.431200	0.039800	0.552800	0.430600	0.545400	0.725900	0.709300	-0.101600	0.022100	0.064600	0.279100	0.000000	0.364100	0.658200	0.180000	0.126900	1.088100
220	2.615900	1.855900	-0.959200	0.986300	0.000000	0.579800	1.564800	1.793500	2.812600	1.713100	-0.670700	1.686600	2.160500	1.509300	3.514500	2.255400	2.369600	2.250800	2.134300	3.527200
221	1.718400	1.579600	1.288700	2.526100	1.995200	2.497400	1.356400	2.389000	1.158800	1.873500	1.595400	1.113600	1.567800	1.754600	-0.118300	0.000000	2.478800	2.369800	1.951600	2.321400
222	2.013400	1.019400	0.363100	1.180000	1.326700	8.443900	0.091400	1.469500	1.270100	1.377100	0.388200	0.000000	1.017100	1.230200	1.415800	1.147800	0.657600	0.451800	0.288300	1.431000
223	-0.139400	-0.351600	-0.844000	0.134000	0.040900	-1.626700	-1.001100	0.399000	0.000000	0.001500	-1.043500	-1.140400	-0.366800	-0.952600	0.000000	-0.139400	-0.351600	-0.844000	0.134000	0.040900
224	0.000000	1.156700	1.204300	1.277100	2.815100	4.301300	2.466100	1.912600	-0.252500	1.118000	-0.399800	2.968100	0.318900	-0.451600	1.724700	1.787100	1.583900	1.115400	0.222100	7.013500
225	0.478300	0.337100	0.430100	0.487500	0.470400	-0.586300	0.000000	0.449800	0.628900	0.645300	0.173400	-0.103100	0.168500	0.482500	-0.253900	0.713300	-0.380600	0.097000	-0.254100	0.657500
226	0.722100	-0.139100	-1.288400	0.001200	-0.771900	0.318400	-0.266200	-0.237600	0.000000	-0.409200	-1.564500	-0.712300	-0.219600	-0.565100	0.178700	0.160000	-1.530800	-0.628600	-1.087600	0.080600
227	0.000000	3.907800	4.138000	4.963300	4.954800	7.479400	3.563800	4.944700	4.043200	4.068800	4.016100	3.556100	3.978000	3.661800	2.788800	4.044200	4.181800	4.069600	4.086600	4.199900
228	3.182500	2.046100	0.423200	0.440900	0.000000	6.366500	1.625500	1.316700	2.702800	1.530100	0.071200	1.210900	1.893900	1.564600	2.080300	1.789200	1.305000	1.475700	1.394400	2.307400
229	0.694300	0.000000	1.027700	-0.547100	-0.493300	-1.830600	0.880400	-0.262400	-0.454600	-0.457000	0.440700	0.686000	-0.500800	0.591600	-2.432700	-0.888500	-0.182100	0.064100	-0.014900	0.131000
230	2.848100	1.341600	0.000000	1.613500	1.228200	2.870000	1.581100	2.737800	2.819100	1.982100	-0.073200	1.053900	1.560700	1.832400	2.449200	2.518200	1.057500	1.044000	0.576400	2.431400
231	2.832200	1.472900	-1.009100	0.000000	-0.052900	0.594400	1.454700	1.612000	2.798600	1.541800	-1.723400	1.087400	2.062200	0.819300	2.274900	2.403600	2.266700	-1.285100	-1.673200	0.729300
232	1.844100	0.000000	7.518200	2.874700	3.402500	0.684400	3.272500	0.345300	0.596600	2.757600	2.376500	5.853900	1.752900	2.628200	6.304700	7.959500	27.519900	18.148400	11.536600	26.395800
233	2.055600	0.966000	-0.437700	-0.158400	0.069000	3.998900	0.689200	0.000000	1.261600	1.105900	-1.090600	0.469200	0.512800	0.334100	1.307400	1.144300	-0.254000	-0.063100	-0.513600	1.468700
234	0.000000	2.420500	12.601600	11.786600	17.107300	13.062900	17.722200	12.436000	5.190000	5.288000	10.335300	15.497800	15.182000	15.314100	15.444100	13.164800	45.024500	28.529200	27.665400	65.081500
235	4.606500	3.308500	0.000000	2.067100	0.806400	8.176200	2.910100	2.141900	4.013300	3.471400	0.395800	3.246400	3.854000	3.210400	4.401900	2.856500	-0.617400	1.318200	-0.266400	1.758600
236	1.719800	0.000000	4.747700	3.009600	5.221300	9.665700	1.263300	1.636700	0.442800	1.249000	-0.326400	3.328400	3.965700	0.896300	5.307400	4.365300	11.688000	11.157800	11.820100	50.282400
237	2.526900	1.289900	-0.730900	0.461100	0.146600	4.062800	-0.596700	1.944300	2.515000	1.454600	-0.682300	0.000000	3.361000	1.613900	3.857600	1.873400	3.198700	1.239100	0.754900	1.258300
238	4.700500	2.701900	0.000000	2.390000	2.790000	7.776700	3.449600	2.708300	3.860500	3.160100	0.890900	3.543500	3.686200	3.415600	4.278700	2.235900	5.584000	2.855000	1.827500	4.631100
239	1.918800	0.000000	6.982400	1.534000	4.561100	4.309900	15.954300	2.665000	0.750200	1.193000	8.863400	16.861500	7.186600	8.293000	5.176300	3.861600	8.555800	11.264400	9.536900	41.714200
240	2.151500	0.584100	-0.331100	1.218700	0.763200	5.282300	2.511500	1.276200	1.143100	0.960500	-1.247500	2.130600	0.000000	-0.008700	1.615000	1.184100	7.118300	14.133200	7.170100	5.674300
241	1.746700	0.410200	-1.566300	-0.208800	-1.365100	3.731100	-0.241000	0.000000	0.876100	0.761700	-1.624900	-0.749600	-0.496500	-0.300100	1.470600	0.341700	0.109100	0.363300	0.262700	0.417200
242	-0.567300	-0.281800	-1.625600	0.209600	-0.601800	3.110500	-0.759700	-0.350700	-0.778500	-0.330300	-1.068900	-0.616700	0.000000	-0.101500	0.255400	-1.608400	-0.812600	-1.244000	-1.583800	-1.302600
243	0.000000	3.129900	2.612500	4.055000	4.131800	5.472900	2.632500	4.363100	2.187500	3.057900	2.704900	2.774900	3.913200	3.587800	3.480900	3.202700	2.603400	2.106500	1.696100	3.314400
244	0.407200	0.120200	0.051900	2.408900	1.711400	-0.740800	-0.546400	2.466700	0.526700	0.430700	0.405200	0.000000	-0.823800	-0.360900	-1.159600	-0.415500	0.511300	0.258500	0.219200	0.448400
245	0.000000	-0.014200	-0.409900	0.475400	0.484300	-0.537600	0.089100	0.257600	-0.278700	0.888000	-0.079300	0.014500	0.411400	-0.246900	-0.476300	-0.217200	0.363900	0.375000	0.069400	1.156100
246	3.990100	2.164900	1.951700	0.537900	0.000000	3.685300	3.468500	2.325700	3.959600	2.244300	1.380700	2.301600	5.101200	3.513400	4.280400	3.458100	8.582900	10.926100	9.403200	7.637400
247	3.950800	3.137600	0.945400	2.809400	1.526000	1.709500	2.855600	3.147300	3.610200	3.456800	0.372000	2.547000	3.322700	3.014600	3.959500	3.975600	4.109800	3.015800	0.000000	3.541600
248	0.898600	0.149000	0.049100	1.140900	0.590700	-0.937400	0.713800	0.313500	0.158700	0.967800	-0.037800	0.488800	-0.219700	0.342200	0.000000	0.658400	0.260000	0.326300	0.138500	0.825800
249	1.539800	0.143000	-0.572700	0.875100	0.205800	2.150400	-0.038300	1.171600	0.425900	0.976500	-0.956000	-0.080700	0.000000	-0.134400	0.415900	0.106300	-0.279900	-0.022600	-0.144500	0.637300
250	2.108500	0.000000	-1.502600	-0.222300	-0.123100	6.789800	1.251400	-0.076300	1.231600	0.451400	-2.830500	1.375800	1.257000	1.117600	2.191800	1.780300	2.535100	-0.607000	0.981500	5.724600
251	1.775300	0.740600	-1.026300	0.589800	-0.453600	4.226900	0.064900	0.506400	0.891700	0.994600	-0.770700	0.000000	0.582900	0.325200	1.594400	0.373800	-0.740000	-0.458400	-0.758400	0.622900
252	0.933100	0.246800	0.020600	0.541800	-0.021800	2.999700	0.008200	0.653600	0.354500	0.817500	-0.159200	0.000000	0.500600	0.198000	1.026300	0.274100	-0.094100	0.029000	-0.032600	0.359800
253	1.474100	-0.503100	2.997300	-1.706100	0.132400	3.304400	3.047900	0.000000	0.235500	-1.044700	0.409900	4.149600	4.690200	3.206600	4.308800	1.685600	18.228300	24.581300	20.660400	21.923600
254	4.371500	2.624700	-0.565600	0.000000	-0.852000	5.540800	5.430500	1.281100	3.032300	2.549800	-0.615200	3.394700	3.666000	3.377800	4.608900	3.281200	8.641500	3.258500	2.408800	5.766800
255	0.862900	0.052300	-0.360800	0.457800	-0.119200	3.778600	0.121200	0.748900	0.406600	0.708700	-0.873800	-0.095200	0.000000	0.061800	0.421800	0.323500	-0.385100	-0.371200	-0.410400	0.609500
256	1.046500	0.000000	-1.037200	0.625200	-0.376200	2.979800	-0.404200	0.994100	0.769000	0.604400	-1.149000	-0.443900	-0.061800	-0.339600	0.149900	0.337900	-0.627000	-0.848100	-0.874800	0.386600
257	6.148200	4.068500	0.000000	3.191600	1.984100	7.911500	8.303800	5.112500	5.783900	3.804300	0.070100	3.947800	4.711100	2.699300	5.671400	4.844000	11.682600	3.992600	1.423400	3.411200
258	0.699500	-0.534400	-1.531200	-0.877200	-1.798100	3.246800	-0.944600	-0.057400	-0.027100	-0.043200	-2.289500	-1.427800	-0.726900	-0.783300	0.261600	0.000000	-0.963000	-2.021500	-1.179000	0.000400
259	0.000000	-0.800800	-1.088900	0.720900	-1.130200	1.323300	-0.876900	0.331800	-0.647600	-0.072300	-1.017200	-0.970300	-0.680500	-0.802600	-0.169900	-0.472300	-0.670400	-1.132800	-1.039100	-0.198600
260	2.933900	1.400100	-0.254000	2.782000	3.554000	6.342600	1.821300	1.892700	2.292800	2.019200	-0.660900	1.691000	0.385100	1.330700	0.318000	1.244200	-1.423000	0.000000	-0.315700	0.634000
261	4.938200	3.338200	0.000000	1.633200	0.480500	7.574100	4.663200	2.489600	3.845800	3.196900	-0.122400	3.048000	3.706900	3.059000	5.256700	3.080400	5.027500	4.968600	-0.623900	6.350800
262	0.561800	-0.146000	-0.310100	-0.009400	-0.464200	3.792700	-0.656300	-0.102300	0.791300	0.724600	-0.480800	-0.414700	-0.169800	-0.060300	0.000000	-0.618800	-0.215400	-0.112000	-0.178700	0.376500
263	0.558200	0.238600	0.366300	1.766000	1.256700	2.842300	-0.311600	1.050700	0.679500	1.067100	0.560900	0.000000	0.631700	0.511800	1.071000	0.282100	0.596800	0.598400	0.534100	0.054200
264	1.595600	0.823400	0.324900	0.993500	0.697700	4.594800	-0.111400	0.386900	1.110700	-0.303800	0.072200	-0.218700	1.157600	0.709300	1.811500	0.084800	0.589500	0.044500	-0.498900	0.000000
265	0.922400	0.355900	-0.466800	0.515500	0.181300	-0.560600	0.346600	0.381000	0.646700	0.735400	-0.938300	0.000000	0.914000	0.092100	1.428000	-0.116100	0.945100	0.621300	0.021500	0.354000
266	-0.085400	-0.317900	-0.733300	-0.233800	-0.442100	-0.731100	-0.824900	-0.094400	-0.032100	-0.076900	-0.677600	-0.484400	-0.202600	-0.324900	0.000000	-0.000500	-0.373900	-0.514700	-0.689100	0.070100
267	0.772100	0.511000	0.038800	0.457800	-0.301600	2.141700	0.243500	0.381900	0.376700	0.472100	-0.268200	0.125500	0.000000	0.189300	0.363800	0.474900	0.154800	0.256900	0.070500	0.729400
268	2.767800	1.960600	0.208700	0.000000	-0.356100	5.637000	0.500900	1.217600	2.249500	0.952800	-0.827000	0.571200	1.303800	0.948100	2.069500	1.619300	-0.951900	-2.584300	-0.889200	0.146900
269	4.996600	5.178400	4.632600	4.975200	4.806700	4.474300	5.355000	4.417900	4.909800	4.768200	4.736100	4.965600	1.678300	4.708000	0.000000	3.297300	4.785200	4.592600	4.515100	5.136500
270	0.651300	-0.042300	-0.761000	0.142800	-0.547600	-1.619200	0.000000	0.308200	0.509300	0.478800	-0.752600	-0.252300	-0.500200	-0.258700	0.006100	0.463900	0.267500	0.263900	0.135900	0.719000
271	0.418300	0.000000	0.227500	0.391000	0.277700	-0.973700	0.949800	0.237900	-0.050500	0.635500	0.173500	0.224200	0.048400	-0.221400	-0.008500	0.888300	0.436400	0.424100	0.373200	0.692900
272	0.853900	0.167600	-0.205300	0.479900	0.098600	1.624600	0.209400	0.207700	0.000000	0.800300	-0.950400	-0.272900	0.067000	-0.087800	0.453300	0.629400	-2.109800	-0.402200	-0.873900	0.566300
273	1.736700	0.000000	2.243200	2.497900	2.618400	4.774700	4.442000	4.375500	1.742000	2.867100	-0.050300	2.771400	3.509800	2.689600	5.384800	7.038700	5.229800	11.149000	6.275800	29.612700
274	0.494200	-0.057800	-0.335600	0.215900	-0.407600	2.763100	-0.240500	0.060900	0.168400	0.158400	-0.974800	-0.404600	-0.565500	-0.131900	0.000000	-0.150700	-0.363600	0.110200	-0.528300	0.371600
275	0.172300	-0.562900	-0.785200	0.119900	-0.448100	3.291500	-0.974700	-0.003800	0.000000	0.119300	-1.032000	-1.048900	-1.227100	-0.984200	-0.279500	-0.577200	-0.503500	-0.914900	-1.100300	-0.282000
276	4.144700	2.973800	0.104200	2.475100	1.671600	7.093000	2.491600	2.940400	4.073500	3.186200	0.000000	2.217000	3.019200	2.136100	3.716900	3.230000	1.811100	1.913800	0.481000	2.403300
277	4.182300	2.910900	0.911200	1.561200	0.000000	6.601500	3.145300	2.715600	4.076600	2.963100	0.119100	2.609000	3.483800	2.413900	3.720600	3.253700	2.672700	2.255700	1.970000	3.251400
278	1.017000	0.062100	-0.464800	0.663100	0.003100	4.706600	-0.107400	0.000000	0.861000	0.977400	-0.413500	-0.106600	-0.056200	-0.230100	0.422500	0.049200	0.134700	0.071400	-0.000200	0.244400
279	1.374100	-0.105100	-1.042500	0.720500	0.655400	3.276200	-0.064700	0.220600	0.323200	0.445100	-1.106500	-0.475600	-0.292400	-0.331600	0.603400	0.000000	-0.556300	-0.323500	-0.651500	-0.176600
280	5.266800	3.234100	0.000000	1.881500	0.828100	5.808500	4.145100	2.385000	3.605100	3.233200	0.302700	3.070100	3.450900	2.204800	4.589800	2.867300	1.612400	3.439400	0.325600	2.102900
281	2.957500	1.830600	0.000000	1.320100	0.236900	4.371400	1.324600	1.699400	2.959600	2.339100	0.125900	0.969900	1.354300	1.546500	2.651200	1.666200	0.547700	0.238900	-0.337900	1.891900
282	1.368100	0.477000	-0.225000	0.696500	-0.042200	2.717600	-0.063300	0.753900	0.721500	1.119500	-0.277600	0.000000	0.251100	0.250700	0.872100	0.859700	-0.012700	-0.104500	-0.142100	0.690800
283	2.190500	0.796300	-1.710400	1.031300	-0.196200	4.413600	0.946900	2.091500	1.321400	1.002200	-2.356900	0.776300	1.174700	-0.309000	2.260300	1.351800	-0.533000	2.833500	-0.945500	0.000000
284	3.556700	2.333100	-0.487100	0.811500	0.000000	4.391600	3.416900	1.671800	2.832500	2.104000	0.564000	2.889100	2.877100	2.778600	3.032500	1.825300	1.682500	1.528900	1.797800	2.786300
285	0.711300	0.000000	-0.741000	0.027700	-0.607200	4.345200	0.054600	-0.095000	0.393900	0.686900	-0.870900	-0.244700	-0.405700	-0.284100	0.092800	0.502200	-0.526600	-0.637800	-0.908300	0.355700
286	2.185300	1.066800	-0.670100	0.543600	-0.076600	4.189200	0.417100	1.227000	1.715500	1.274000	-0.679800	0.000000	0.784000	0.265500	1.474400	1.269700	-0.260300	-0.275600	-0.725700	1.207700
287	1.477200	0.000000	8.239200	6.472200	7.719400	5.843200	16.086400	3.394100	1.980400	4.074900	7.936700	7.276200	10.083800	8.702200	9.041200	8.220500	33.361400	21.729500	7.200900	39.199200
288	1.787500	0.455700	-1.218700	-0.268400	-1.123300	5.160700	0.119300	1.064400	1.166300	0.101100	-0.943100	-0.355500	-0.389500	0.000000	0.850900	1.143600	-0.720200	-0.522800	-0.510000	0.606800
289	1.420100	0.365200	-0.070900	0.457900	-0.146400	3.972000	0.080300	0.629200	1.290300	1.135700	-0.136200	0.223300	0.000000	0.044600	0.688800	1.058900	-0.020100	-0.127000	-0.195700	0.702500
290	3.373100	2.354700	0.000000	1.922700	0.685500	5.986800	1.719000	2.813000	3.021800	2.441500	-0.246200	1.276400	1.995800	1.934400	3.155200	2.084100	1.830500	1.484200	1.207100	2.376600
291	3.829800	1.938400	0.310400	2.044000	3.776600	11.810000	2.923800	2.909600	3.973900	2.494200	0.815400	2.738400	3.047500	3.056500	4.331500	3.388500	0.551500	0.000000	-0.425100	2.500700
292	2.228200	0.933000	-0.088800	0.687300	0.263600	7.887200	0.670500	1.826200	2.126900	1.486700	-0.390700	0.000000	1.170300	1.103000	2.232100	1.880700	-0.091700	-0.324700	-0.856900	1.253700
293	0.446700	0.318400	-0.711600	0.636000	-0.014700	2.618900	-0.307100	0.399200	0.012200	-0.062100	-0.651300	-0.398300	0.088200	-0.162500	0.758700	0.000000	-0.238300	-0.349200	-0.656200	-0.266900
294	-0.513500	-0.102200	2.507400	4.168900	10.348800	11.632200	2.934500	2.881100	0.000000	1.600100	0.905300	4.719000	3.357300	1.399900	2.900100	8.871100	9.348700	5.755800	6.986600	7.924800
295	0.830900	-0.386700	-1.338800	-1.083800	-0.655900	-2.091500	0.521900	0.469600	0.000000	0.204400	-1.483000	0.763000	-2.227900	-0.188500	-1.022800	-0.591000	5.052500	0.876000	0.617900	2.199400
296	-0.404000	0.000000	-0.162700	-0.787400	0.432400	-1.150100	-0.698500	-0.079800	0.196500	0.196700	-1.220000	0.484800	0.399400	0.007700	0.965800	0.819800	-0.743800	-0.351100	-0.941900	1.414300
297	3.114000	1.512700	0.000000	0.746600	1.735300	0.991300	1.218200	1.505600	2.443000	1.491400	-0.349900	1.666000	0.894000	1.196400	3.527600	1.968500	0.843100	0.400700	-0.089600	1.028800
298	2.730200	1.714000	-0.878800	0.419800	-0.340500	3.408200	0.000000	1.599100	3.052800	1.781000	0.146200	0.248000	2.248800	1.277200	3.455700	1.611200	1.015200	0.907300	0.467800	2.227900
299	1.671600	0.000000	-0.981700	-1.467400	1.003800	4.933400	0.139300	0.474100	0.927000	0.763700	-1.742100	-0.135200	0.511800	0.171900	1.905600	1.207400	-0.503600	0.066700	-0.304200	1.920400
300	1.158100	0.254300	-0.415800	1.103400	0.465800	5.950200	-0.046900	1.515900	1.147000	0.897100	-0.487700	0.004400	0.587100	0.000000	1.178900	0.426200	-0.239700	-1.108400	-0.509800	0.803000
301	0.468800	-0.297900	-2.757000	-0.826100	-1.161200	2.862000	-0.130700	-0.062100	0.000000	-0.216300	-2.181400	-1.181000	-0.804700	-0.027100	1.776800	0.299800	-1.564200	-3.155800	-3.721400	-0.381000
302	0.898900	0.000000	4.850700	2.366700	3.031100	6.329200	5.987700	3.229100	0.526400	1.241800	2.855000	7.456500	5.239800	3.304300	4.791100	2.355400	8.420500	12.245900	13.699300	32.308200
303	-0.024500	-0.616300	-0.988700	-0.377900	-0.694600	1.142100	-0.589300	-0.221500	-0.396000	-0.200800	-1.197400	0.039500	-0.030100	0.000000	-0.196800	-0.187900	-1.398200	-1.565900	-1.150600	-0.079100
304	1.854500	1.105000	0.738600	0.509500	0.000000	0.704700	2.269800	0.641500	0.843500	0.556600	-0.858700	1.395800	0.996700	0.799900	2.033000	-0.000700	1.252400	-0.618000	0.663200	2.277200
305	7.164000	7.023300	7.806600	5.917200	5.602500	7.071800	15.763000	6.480500	7.776000	6.826200	6.781700	9.962400	3.179800	8.863900	0.000000	6.583700	13.122500	12.465900	11.144800	9.714600
306	2.569100	1.366200	0.473100	0.424800	1.271600	-0.045100	4.805000	0.000000	1.184800	1.252400	1.002100	4.052100	1.530000	2.152300	3.764900	2.332300	7.795900	2.935100	1.770600	2.404900
307	2.012800	0.000000	3.064000	0.541800	3.725100	-0.609300	13.816400	1.754400	2.402700	0.968300	1.686700	8.626300	4.424200	5.550700	2.184000	2.042400	19.657000	21.602900	21.071800	22.762900
308	5.047800	3.916100	1.587400	5.167400	5.780300	6.704700	7.694400	4.187000	5.286900	4.091800	1.022100	4.726000	5.215200	4.779200	5.549200	4.962800	7.685300	1.008500	0.000000	3.718600
309	0.759800	0.104300	5.609300	4.221300	3.540800	7.511700	20.262400	5.122900	0.000000	2.994500	8.866100	8.927600	11.338400	13.186800	6.920300	5.485700	45.582700	36.580400	25.103300	60.034700
310	1.134900	-0.707500	8.690400	2.257400	4.491400	2.324100	22.278900	0.201600	0.000000	1.167200	8.861500	13.890700	13.215900	11.782700	8.105400	5.143300	38.039800	30.841400	26.433700	34.857800
311	4.589500	3.044000	0.408000	1.564200	1.229300	6.204500	2.541200	2.777600	3.713900	3.448000	-0.301500	3.172300	4.420800	3.745400	4.866400	3.845300	5.080100	0.000000	-0.667000	2.661600
312	5.989700	4.303000	3.219800	3.334700	4.036500	10.568100	4.846800	4.887400	6.247800	5.033400	1.915100	4.568200	6.130500	4.224800	6.452300	5.710500	5.052600	0.000000	0.404500	3.375800
313	4.772400	2.990300	0.440300	2.296400	1.181800	7.046800	3.879700	4.156300	3.718100	3.277800	0.350200	2.911300	4.383400	3.958700	4.942500	3.479400	0.000000	2.287900	0.004300	3.400400
314	5.939700	4.271100	0.000000	4.974600	4.058500	7.781100	9.723300	5.740000	5.988200	4.398400	0.772300	6.121300	4.651500	3.429900	5.778200	4.889400	12.246200	7.377800	5.310700	4.537400
315	2.901300	1.364900	0.625400	0.558700	1.033700	5.139300	1.494400	1.577600	2.781800	1.508900	-0.400600	0.921700	2.512500	1.376800	3.190300	2.243800	-1.046600	0.000000	-0.453900	1.597600
316	2.472200	0.892000	-0.528100	2.582200	1.903300	6.614800	0.458400	1.451600	1.313700	1.471300	-0.908600	0.000000	2.031600	0.536500	3.006100	0.486900	1.079100	-0.665800	-1.187400	0.000000
317	1.917200	0.000000	6.567600	4.603800	5.682400	7.870900	9.015800	3.617500	2.602600	3.667200	3.706100	8.897500	6.887000	5.784400	9.678000	7.014900	15.061400	16.857600	11.541500	18.683800
318	0.000000	4.740000	4.837700	6.867000	7.940200	14.251900	5.268100	6.274700	5.166800	5.294500	4.473400	5.297700	5.679000	5.497100	5.676000	5.098700	5.269400	5.204200	5.169700	5.792900
319	3.312800	1.905600	1.015000	0.000000	1.151600	4.356100	5.085300	2.473300	2.805500	1.856300	-0.794000	4.969300	5.628200	6.438300	4.371300	2.867900	13.754700	12.934100	12.167700	13.310900
320	0.022900	-0.139400	-0.096900	0.491500	0.762800	1.711400	-1.074600	0.000000	-1.003100	-0.102700	-0.395500	-0.419000	0.458700	-0.269400	0.747900	-0.376400	0.330800	-0.030400	0.022500	0.350800
321	3.315800	2.555200	2.557300	1.516700	0.947800	0.000000	2.255000	2.514300	2.938800	2.693200	2.722000	3.467500	3.021900	2.785100	4.466800	3.818500	3.802500	3.180600	4.021300	4.387500
322	0.763900	0.471100	0.264100	0.421400	0.120600	-0.351600	0.311500	0.548100	0.802200	0.567100	0.012500	-0.075100	0.000000	0.094700	0.767200	1.096200	0.419700	0.233800	0.137200	1.608800
323	0.600900	-0.028200	-1.644400	1.382300	1.106400	0.699200	-0.249900	0.000000	-0.076100	-0.133200	-1.224600	-0.889800	-0.132700	-0.237700	0.675100	-0.214700	-0.842900	-0.846000	-1.182000	0.033300
324	4.734900	4.190900	1.365700	3.498800	2.755900	12.971800	6.471600	2.873000	3.882900	4.046100	1.046100	4.829400	4.540800	3.716400	4.509300	4.516000	9.070400	4.060600	0.000000	2.272700
325	1.442400	2.501200	5.803000	5.507900	6.867500	0.000000	5.253200	5.398800	4.750200	3.830400	4.770200	4.328600	3.751900	4.809400	4.162900	4.218600	3.878600	3.864800	3.607400	4.119800
326	2.116500	1.043600	0.482100	1.474400	0.954400	0.570400	1.156400	0.000000	0.926000	1.691400	0.616700	0.985800	0.735400	0.839100	1.183500	1.207000	0.722500	1.122600	1.052700	1.714700
327	3.627100	1.776200	-0.586000	0.000000	2.068600	3.730400	4.020200	2.445000	2.496900	1.840700	-0.804300	2.617700	3.812100	1.646300	3.581300	2.899000	3.403300	0.701900	-1.708600	2.410700
328	-0.863500	0.644800	8.204900	3.434400	8.426700	3.818500	10.437100	-0.473800	0.000000	3.468300	5.761900	9.235700	10.431000	9.205900	6.641400	4.711500	38.096100	24.628700	25.314900	13.629400
329	0.739500	0.012200	-0.931500	-0.089400	-0.835200	4.893200	0.104400	0.711400	0.862400	0.782500	-0.741200	-0.222400	-0.270400	0.000000	0.478100	0.556700	-0.621300	-0.404500	-0.539000	0.307400
330	5.212000	4.398100	2.153900	3.619600	2.489300	6.821700	3.594000	3.607900	4.772800	4.773000	1.755500	3.784300	4.050800	3.678900	4.598700	4.457500	-0.676200	1.596600	0.000000	3.673100
331	4.852300	3.231500	0.000000	4.140500	2.719400	7.617100	5.033400	4.232700	4.507300	3.295500	-0.489500	3.815100	4.477900	3.220400	5.405300	3.041600	6.411300	3.300600	-0.194600	2.751900
332	4.593500	2.930000	2.535400	2.997100	5.262300	10.724100	3.868300	3.710200	3.555600	3.297800	0.789800	3.368800	4.875300	3.304300	5.194900	3.227400	1.048300	1.233100	0.000000	2.636000
333	1.432400	0.419000	-0.436000	0.814400	-0.009800	3.214300	0.428900	-0.034000	0.445000	0.807600	-0.473600	0.321200	0.000000	0.422300	0.635000	0.423700	0.282300	0.280600	0.048200	0.401600
334	3.967000	2.658600	0.000000	2.002500	0.980800	4.194400	2.015600	3.018100	3.105100	2.717700	-0.202000	2.041100	3.153500	2.470000	3.886300	1.931300	1.430000	1.830100	1.302100	3.215400
335	0.000000	4.501400	9.198500	16.863500	22.054400	10.714500	14.854800	14.733400	8.171300	9.351600	7.692700	11.360600	13.172800	12.707500	12.260900	10.040300	12.184600	21.770100	15.549400	12.563300
336	1.375200	0.703900	-0.461900	0.198900	1.180200	10.604800	0.358900	1.707600	1.913700	0.439900	0.212500	0.000000	1.780200	1.106400	2.697800	1.555100	1.566000	1.385800	1.034700	1.476700
337	0.119000	-0.013500	-0.087600	1.619100	1.251100	4.379900	0.067800	1.412000	-0.594700	-0.053400	0.088300	-0.210900	-0.157700	0.000000	0.498100	0.365900	0.183700	0.052000	-0.077500	0.413600
338	2.009100	1.559700	1.075500	2.335200	2.109200	0.000000	2.778700	2.329300	2.214100	1.110400	1.115200	1.761500	1.438800	2.021500	2.351700	1.762500	1.225500	1.748800	1.805100	2.623400
339	2.483200	1.671700	0.541500	1.116300	0.562700	0.936200	0.000000	1.535500	1.847600	1.292300	0.252000	-0.017700	2.066000	1.475700	2.830900	1.525400	0.081300	1.031900	0.037500	1.228800
340	0.000000	3.444500	3.452800	4.124100	3.705600	7.296200	2.807900	3.167400	3.058700	3.360600	2.847600	3.321200	3.279200	3.026700	2.165900	2.424500	2.762400	3.396800	2.823400	3.136300
341	1.102800	0.345700	-1.435400	-0.206300	-1.141000	-0.725900	-0.230200	0.000000	0.792300	0.388300	-0.844600	-0.380500	-0.204900	-0.239500	-0.019200	0.364600	-0.911800	-0.168400	-0.361300	0.516500
342	0.393400	0.548100	-0.057600	0.417400	0.159200	0.068800	0.224100	0.169100	0.233900	0.779500	0.256500	0.000000	-0.244700	0.138400	-0.228100	0.460500	-0.388700	-0.586000	-0.643700	0.576800
343	1.073300	0.160100	-0.381700	0.336800	-0.230400	-1.433300	0.085200	0.286200	0.472400	0.801500	-1.046000	0.000000	0.069200	-0.218700	0.521600	0.675300	-1.354000	-0.424100	-0.613900	0.452300
344	5.366900	3.963000	0.904000	2.464600	1.818900	4.608100	3.812600	3.878500	5.500700	4.318500	0.000000	3.121900	4.481900	3.843000	6.152300	5.771300	5.280400	4.458200	2.789300	4.709000
345	3.031000	1.493800	-0.681200	1.272000	-0.313600	4.816100	0.382100	0.932700	2.126400	1.928300	-1.140800	0.000000	1.304000	1.334200	2.554200	2.431900	-0.731100	-1.762900	-1.281100	0.900900
346	1.286500	0.211900	-0.175200	0.790700	0.319800	7.217900	0.230300	1.570500	0.695600	0.972700	-0.504900	0.000000	0.249200	0.206300	0.864600	0.180200	0.018800	0.118000	-0.008400	0.356000
347	1.405800	0.000000	-0.610700	-0.101900	-1.064600	3.186500	-0.245500	0.904600	0.341600	0.714300	-1.491400	-0.238500	0.306000	0.511000	1.087700	1.089800	-1.065900	-0.555900	-0.662400	0.324600
348	5.062300	3.497200	0.000000	5.483100	4.317400	5.992900	5.688900	4.023900	4.190900	3.703000	-0.082200	3.790400	4.497300	2.878100	5.205700	3.484400	2.836400	1.697100	1.153100	2.343300
349	2.410300	1.612100	0.000000	1.168800	0.555800	2.162100	1.170900	1.533700	2.150600	1.890400	-0.143700	0.959100	1.510200	1.011400	2.864400	0.811200	1.966700	1.920800	1.062800	1.729300
350	0.995500	-0.024500	-0.349000	0.397600	-0.100400	1.958800	-0.021100	0.765900	0.000000	0.626100	-0.457400	-0.203800	0.186500	-0.230100	0.839200	-0.060300	-0.349100	-0.169500	-0.334200	0.057300
351	2.097700	1.625500	-0.029200	1.514500	3.711500	3.666800	2.135500	0.000000	1.673900	2.252500	-0.819900	1.544600	2.626100	2.340900	3.512400	2.505500	0.844700	-0.615400	-1.016600	1.525200
352	1.394000	1.148500	0.845500	1.185800	0.995100	0.000000	0.769300	1.266700	1.304300	1.235900	0.366700	0.550200	0.868100	0.998800	1.382000	1.262600	0.232400	0.369600	0.352600	1.168600
353	2.876800	1.734300	0.112400	1.821700	1.540000	1.082900	1.156100	2.133000	2.537900	1.880900	0.000000	1.023000	1.677000	1.440400	2.240200	2.148900	-0.400900	0.167400	-0.014100	1.369000
354	0.844800	1.045600	0.756800	1.308200	1.004500	-0.476300	0.814100	0.656500	0.684300	1.498600	0.754400	0.000000	0.507900	0.719000	0.452700	0.698800	0.721000	0.964200	0.697500	1.377800
355	5.980300	4.813900	2.588300	3.937400	3.081900	3.661300	3.398600	5.627200	5.555100	5.221400	2.727700	5.023700	4.903900	4.396900	6.767000	5.818000	0.000000	2.537200	2.981600	4.630000
356	0.000000	2.419800	7.617300	8.613700	10.306000	9.411700	9.364100	9.149300	5.665100	5.260300	4.574600	8.063000	9.155600	8.863500	11.711300	10.560300	19.344100	14.745200	11.552700	74.619600
357	2.486900	1.757000	0.704000	1.869300	1.117700	-0.410700	0.251300	1.970600	1.972000	2.191500	0.592800	0.000000	2.221900	1.488800	3.511600	2.414300	0.925500	1.060400	0.735900	2.070000
358	1.413300	0.479100	-0.126300	0.630000	0.221300	2.535600	-0.517900	1.090400	1.343400	1.164500	0.258600	0.000000	1.078300	0.198500	1.754900	0.641800	0.316300	0.620800	0.576600	1.170000
359	4.500200	3.099100	0.000000	2.870900	2.218000	9.549000	3.897200	3.835300	3.465300	3.270700	-0.280700	3.678700	4.290800	2.873300	5.038000	4.091200	4.676500	4.056800	2.587500	4.644700
360	3.208700	2.322600	-0.204000	3.606900	3.780500	11.020200	2.325400	3.281700	3.184900	2.401100	-0.090300	1.533200	3.273000	1.806600	4.443700	3.118800	1.200100	0.000000	0.401600	2.167900
361	0.153000	-0.318400	-0.748700	0.152500	-0.197700	2.223100	-0.547600	-0.744200	-0.510400	-0.272000	-1.057600	-0.676700	0.000000	-0.744900	0.663500	-0.283900	-0.369700	-0.740700	-0.941200	-0.445300
362	4.156400	2.485600	0.000000	3.983000	4.951400	4.866100	1.506200	2.227600	2.731600	2.494800	0.354800	1.631300	3.760000	2.613400	4.569800	2.269000	3.931600	6.480700	2.829700	3.532700
363	4.496000	3.731600	1.777000	3.269500	2.779700	6.733600	4.733500	3.220100	3.764500	3.510400	1.108900	3.443100	4.680600	4.170200	5.746300	3.820400	4.458200	1.361500	0.000000	2.515700
364	1.310300	0.000000	10.203000	3.201200	7.880400	7.565400	19.118000	2.857300	1.053100	1.516100	11.014300	15.526900	13.143000	10.865100	8.106500	8.548700	28.447400	28.755600	17.102100	27.351000
365	1.110600	0.577600	0.536300	0.824200	0.234700	-0.505100	0.543300	1.017800	1.042500	0.742000	-0.404800	0.708600	0.582000	0.906300	0.000000	0.817200	0.594100	-0.143000	0.193300	1.182500
366	-0.050000	-0.228000	-0.100200	0.136600	0.074900	0.016500	-0.108700	0.029500	0.156000	0.194500	0.070400	-0.095000	-0.123100	-0.132400	0.000000	0.118800	0.109800	0.109900	0.031500	0.105200
367	-0.689400	-1.050800	-1.821400	-0.912200	-0.788900	-1.408500	-1.222800	-0.260600	0.000000	-0.781000	-1.378600	-1.655100	-1.108300	-1.262800	-0.257400	-0.352300	-1.489100	-1.632100	-1.791400	-0.298000
368	4.630100	3.754400	1.760000	4.025100	2.608000	7.809300	4.659600	4.532500	4.066100	3.561900	1.292900	2.640200	4.191300	3.699000	4.181600	3.661500	1.584000	0.345600	0.000000	3.855700
369	-0.144300	0.250700	0.407100	0.432900	0.171600	0.868100	-0.435700	0.386600	-0.110100	-0.010000	0.052400	-0.107600	0.664600	0.000000	0.132700	-0.042900	0.419400	0.219800	0.246900	0.294800
370	-0.903000	0.466800	-0.348300	0.975000	0.573100	-1.550500	-1.521500	1.130900	-0.978800	0.560300	-0.412400	-1.350800	-0.373900	0.000000	-2.705800	-1.754400	-0.389600	-0.258400	-0.217400	0.439400
371	1.297200	0.260800	-0.766600	-0.468500	-0.735000	-0.615000	-0.716900	-0.203500	0.718500	0.265500	-1.708700	-0.865400	0.031800	-0.141100	0.100100	0.000000	-1.230700	-0.089400	-0.105000	0.468100
372	2.009000	1.390200	0.063900	2.032200	1.866600	1.123200	0.000000	1.599300	1.218900	1.684900	0.266600	0.783100	1.649800	1.125600	3.051100	1.087100	2.510400	1.049100	1.232700	1.442300
373	1.510700	0.748300	-0.079900	0.635500	0.000000	0.976700	0.910600	1.665700	1.003800	0.487700	-0.173100	0.625300	0.818200	0.633500	1.397600	0.279300	0.246100	0.174600	0.107800	1.338000
374	2.913800	2.143400	0.107500	1.145200	1.065000	5.084600	2.446600	1.781500	2.144900	2.379500	0.206700	2.030300	2.396700	1.994400	2.946600	2.166600	-0.362900	0.000000	-0.620300	1.576000
375	3.965800	2.611000	0.085500	2.902600	2.103200	9.101600	3.605100	2.844300	2.726500	1.687100	0.000000	1.290600	2.858700	3.262600	2.909300	1.250000	4.507000	7.025400	3.105900	2.487200
376	3.403500	1.696700	-1.426600	1.639500	2.400100	-1.616500	8.108900	2.253300	2.121900	1.165900	-1.124000	3.311900	1.444800	2.628100	1.645200	1.318400	16.868500	6.420800	1.467000	0.000000
377	3.279300	2.273200	12.230300	8.433400	10.644600	0.000000	10.254100	6.958900	2.901600	5.534700	7.609600	12.374300	6.131000	5.798700	8.402300	10.573600	39.267400	34.627700	25.406000	73.199400
378	1.229200	0.000000	7.155100	1.798500	1.367300	10.451400	12.700400	3.980300	1.491300	0.354700	1.553500	8.794900	4.860300	5.327700	5.313700	4.133700	21.058500	13.929100	8.682600	10.701700
379	4.499200	2.820000	-0.014500	0.000000	0.089000	7.821900	11.814400	2.368700	4.342100	2.308000	0.555400	6.310300	4.937700	2.050500	4.309000	3.201300	25.408000	21.935800	17.389200	20.580000
380	4.124800	2.136700	0.000000	2.785600	6.008400	8.415000	11.478900	3.276800	3.964400	1.904100	-0.063100	4.013400	2.742600	1.494400	3.377500	3.190800	38.512500	38.308500	33.824300	42.201500
381	0.645200	-0.074800	-1.246800	-0.614200	-0.773900	1.202100	1.119400	0.000000	-1.001200	-0.482300	-1.623800	0.822900	0.487900	0.375200	1.289900	2.577900	3.459700	6.609300	6.314700	4.773500
382	0.934500	0.000000	-1.625000	-0.595900	-2.130600	-1.147500	-0.541600	-1.834600	-0.086200	0.081100	-1.336900	0.449400	0.751800	0.291000	0.155300	0.507300	-0.686300	-0.013000	-0.365100	0.401300
383	0.000000	0.301800	0.241500	0.911700	0.322400	-1.058000	0.179600	0.183800	0.068400	0.903900	-0.454400	0.509500	-0.113100	0.231000	-0.317400	0.225000	0.305300	-0.620000	0.520200	0.996200
384	1.329300	0.606100	-0.397900	4.189400	4.453700	0.748900	0.000000	2.244900	0.780900	0.587200	-0.401100	-0.045900	0.642100	0.504300	1.655200	0.813700	1.178900	-0.942900	-0.684500	0.571100
385	3.561400	2.192300	-0.708600	0.960900	0.000000	3.985100	2.670500	1.267900	2.395300	2.191200	-1.378600	2.838200	2.741400	2.088600	3.225700	2.428100	1.422000	1.360300	2.188900	1.901600
386	0.279900	-0.375000	-0.666600	0.634000	-0.177400	1.027800	-0.709900	0.209700	0.000000	-0.101500	-0.866900	-0.464500	-0.192700	-0.504900	-0.985900	-0.397400	-0.549100	-0.365000	-0.742800	-0.357100
387	3.201700	2.001100	1.698400	1.763200	1.533100	3.835200	5.402800	3.269600	2.915700	2.229800	1.357400	4.213500	0.000000	2.108700	0.933500	2.199100	5.643000	3.558200	2.630400	2.817000
388	5.094500	3.698900	0.829500	2.224500	1.791700	3.105100	3.990300	4.019500	5.224800	3.912900	0.000000	3.737600	4.922100	3.247200	5.906700	4.985300	9.837200	11.811400	9.208500	9.341000
389	0.000000	2.231200	0.862500	7.708600	10.358400	12.336500	2.441700	6.845500	3.833200	2.978600	1.322100	3.789600	2.272500	3.241100	5.846100	4.873200	5.024300	8.124400	5.355400	6.184800
390	3.057100	2.123100	1.793000	0.000000	0.282400	4.787900	7.809000	1.684800	2.950200	2.076900	0.760700	4.940300	3.502500	1.963300	3.672500	2.417500	16.764100	13.935100	9.753500	5.930900
391	1.729400	0.068700	0.731500	2.510400	3.487200	0.632800	13.167900	-0.266100	1.351500	0.000000	-0.122000	7.275800	2.460800	1.202700	2.837900	0.717500	21.749300	20.977100	9.723700	21.898600
392	5.560100	4.959100	2.748600	4.137500	4.257000	9.596600	7.368700	8.392000	5.823100	4.425600	1.419700	4.503900	6.362500	5.009000	6.183900	4.893200	11.438700	0.399200	0.000000	3.788100
393	0.000000	5.990000	29.929800	22.219900	29.324200	19.758700	23.970100	17.221500	12.133400	12.893300	23.042800	26.065900	27.856000	29.008900	23.734600	23.354400	59.536400	59.993400	64.414400	87.077400
394	0.222700	-0.888500	1.082000	-0.575400	1.949900	-2.059200	4.793400	0.000000	0.514000	-0.535400	0.227700	2.845700	2.461800	3.126100	3.270000	0.880000	11.125300	10.301700	3.658400	2.748100
395	4.181800	3.117500	-0.326200	0.917300	0.000000	5.620600	5.726800	1.928800	3.072600	2.168000	-0.762300	2.875800	3.641500	1.701600	3.131000	2.748700	14.154900	10.524200	7.521000	4.822100
396	3.562000	2.459500	1.651600	2.563500	3.095200	0.000000	3.159400	2.390900	2.513100	1.984300	1.283900	2.562400	2.803400	3.293300	2.690900	2.459800	2.970100	16.585400	13.092800	5.119600
397	-2.215700	-3.953100	-3.259600	0.000000	1.108300	-1.579100	0.442300	-1.874500	-2.880500	-3.150400	-3.191500	-0.220200	1.331400	-0.268100	0.295600	-2.997900	18.779000	17.584200	11.884900	6.476400
398	0.493100	0.000000	-0.798400	0.420100	0.233500	-0.856900	0.187900	0.327200	0.428700	0.495600	-0.703500	-0.204400	0.394000	0.084000	-0.345600	0.023300	0.782000	1.007400	0.853400	1.100000
399	1.277800	0.257900	0.514300	1.125700	0.926300	1.212200	0.110800	0.357700	-0.119500	0.708300	0.655500	0.302000	0.911600	0.272600	0.676700	0.000000	0.759200	0.292900	0.287900	0.281200
400	3.480100	3.144000	2.810200	1.333100	1.326600	0.000000	2.815400	2.797900	3.986100	3.807300	2.145500	2.252600	3.978400	3.534300	2.822000	2.819500	4.337100	1.032300	0.778700	4.231600
401	1.361900	0.995700	0.634800	1.219700	0.708300	-0.887700	-0.187300	1.276000	1.289200	1.307500	0.060100	0.107600	-0.011500	0.421000	0.000000	0.926100	0.400700	0.313500	0.460200	1.209500
402	0.275300	-0.045800	0.076500	2.869300	2.508100	3.161400	0.552900	1.238700	0.925800	1.532500	0.305100	0.604200	0.502800	0.860400	0.000000	1.207800	0.421100	0.355400	0.294900	1.905800
403	1.799200	0.000000	3.537700	-0.219400	1.924400	7.009300	7.633500	0.464400	0.849400	0.184500	0.915200	4.817400	4.455200	4.579800	3.822900	2.774000	19.179900	11.081200	10.529500	21.902700
404	1.004800	0.000000	-0.277200	0.474700	-0.226700	3.266600	-1.761200	0.678100	0.168800	0.510300	-0.041200	-1.484200	0.420700	-0.153900	1.150700	0.343900	0.600600	-0.015000	-0.066500	-0.307800
405	1.280300	1.090000	1.017900	1.279400	0.931000	3.654200	0.717200	1.298800	1.372500	1.651600	1.170600	1.175300	1.489700	0.000000	2.214100	1.426900	1.801400	1.757500	1.511800	0.818600
406	0.000000	3.961200	9.309200	12.709200	11.154400	9.945000	8.089600	11.141100	7.663500	7.201800	7.151800	8.489300	10.588400	9.245900	12.456300	10.939100	11.943000	11.632900	10.968700	7.829400
407	1.883800	0.539300	9.285200	4.423300	8.516300	1.326800	13.813100	4.760900	0.000000	2.736200	5.318500	10.915400	10.915500	8.668700	9.490400	9.068700	32.883000	26.543800	14.683400	11.412600
408	0.000000	2.176100	12.846900	11.471800	14.136200	5.851500	11.689000	9.523400	3.971100	6.088600	9.590900	8.715800	13.161500	14.495700	10.853700	8.722800	16.754500	16.091500	15.221000	24.274500
409	0.599000	-0.213100	-1.766900	-2.028800	-0.086400	0.150200	-0.833300	-0.859400	-0.406000	-0.440200	-2.176600	-0.313500	0.414600	-0.442000	1.541500	0.160800	-1.027100	2.438900	-0.139000	0.000000
410	1.199100	-0.019800	-2.004600	-1.123400	-1.322600	-1.084000	-0.551600	0.000000	0.849900	0.283700	-2.038200	-1.063700	0.092200	-0.235600	1.164500	0.800300	1.280700	3.273600	1.531800	1.656800
411	1.103700	0.006200	-0.656500	2.297200	2.507400	-1.064000	0.455900	2.270300	1.663100	1.657000	-0.712300	0.000000	0.969400	1.120000	1.987300	-0.228800	-1.468200	-0.935600	-1.073500	-0.268600
412	0.999100	-0.547100	-2.214900	-0.100300	1.659700	4.611300	9.320800	-0.039300	0.000000	-0.486500	-0.040800	3.843800	1.837300	1.258600	2.537400	0.791500	18.947300	6.665100	2.870900	2.785600
413	4.715800	2.623600	-0.670000	0.877000	0.000000	4.048500	5.304900	3.279600	4.328200	3.349100	-0.313500	3.657000	4.045900	3.104000	4.889300	2.684300	4.989200	5.848400	3.693100	4.070600
414	4.054300	2.556800	0.000000	1.357700	0.903700	1.996400	2.994500	2.777500	3.613600	2.328300	0.096200	2.154400	4.309900	2.775600	4.039000	2.581700	4.013700	2.422000	0.089000	3.233000
415	2.518900	1.531700	3.960000	3.727900	5.275900	0.805900	11.153500	3.388900	2.262000	1.917400	4.457900	0.000000	2.518900	1.531700	3.960000	3.727900	5.275900	0.805900	11.153500	3.388900
416	2.067700	2.531900	0.000000	4.676300	3.987400	4.450700	3.638700	4.406800	3.130500	2.520400	-0.150000	2.597000	3.686100	2.251300	3.164600	2.514700	8.442900	4.831400	3.136200	3.815400
417	1.428900	0.673800	0.131100	0.725800	0.913600	1.570500	0.000000	1.250900	1.873900	0.728500	0.258200	0.046100	2.087100	0.797100	1.008700	-0.195800	2.977600	0.808900	1.811500	2.103800
418	-0.459800	-0.496200	-1.323100	-0.161800	-0.260500	-1.525200	-1.112000	0.000000	-0.350100	-0.728300	-1.150900	-1.614800	-0.498500	-0.459300	0.124500	-0.355800	-0.528200	-0.360000	-1.762300	-0.373400
419	0.074400	-0.307600	-0.336400	0.514800	-0.414500	-1.208900	0.030200	0.867400	0.330500	0.375700	-0.343300	-0.379500	-0.231900	0.012700	0.062200	0.000000	0.310100	0.215700	0.195100	0.290500
420	0.207200	-0.329600	-0.256600	0.129500	-0.155900	-1.359200	-0.026100	0.000000	0.175900	0.123500	-0.573200	-0.096500	-0.007700	0.082900	0.159400	0.257700	0.012700	0.000200	-0.028800	0.526300
421	1.415700	1.135900	1.267300	1.330100	1.074100	0.917400	1.332000	1.395300	1.444200	1.427600	1.137400	1.325000	0.000000	0.859000	1.315500	1.479200	1.453200	1.452900	1.434800	1.594400
422	-1.020400	-1.743800	-2.864200	-1.196400	-1.088100	-1.269000	-2.201400	0.000000	-0.705900	-1.743800	-2.248200	-2.826400	-2.013400	-2.124600	-0.222000	-0.843800	-2.723200	-1.524600	-1.722900	-0.519400
423	-2.231300	0.383000	0.079700	2.297900	2.212000	4.866200	1.080900	1.429000	1.436100	1.106800	0.892100	0.529100	0.384300	0.151200	0.621700	0.000000	0.519800	0.178400	0.394300	0.771800
424	0.735700	1.243200	2.940100	2.045300	2.039400	6.863700	3.101100	1.784200	1.321900	1.091200	0.949500	1.657400	6.253300	4.391100	2.255700	0.000000	12.595500	8.370600	7.124500	6.477000
425	2.798500	1.555400	2.212100	1.026400	0.556400	0.000000	3.737900	3.057400	3.130800	2.063200	1.424600	3.130400	2.048500	2.572400	1.573900	2.071100	3.873900	1.794700	1.462800	3.956500
426	-0.132200	-0.296800	-0.143700	2.385200	2.159500	9.537400	-0.737200	3.184200	0.980200	0.000000	-0.932100	-0.003500	2.027700	0.581700	2.975200	0.483300	6.850900	6.104700	2.703100	0.880900
427	1.664700	0.000000	-2.704300	-1.073400	-1.900500	3.014700	-1.114000	-0.501400	0.770900	0.130300	-2.017900	-0.293100	0.242800	-0.970600	0.566200	0.179800	-2.262800	-0.614800	-2.022300	-0.317800
428	1.872300	0.857200	-0.666600	0.190900	-0.379800	4.038500	0.254900	2.041600	1.690500	1.281100	-0.690800	0.000000	1.014800	0.652900	1.843300	1.651400	-0.571200	-0.246600	-0.321700	1.835400
429	2.393000	0.504100	-1.398800	-1.736400	-2.667700	4.938100	2.146600	0.000000	2.225600	0.575000	-1.202600	1.296800	1.756900	1.050900	2.441600	0.971600	4.912600	11.054700	1.298800	2.994900
430	4.616500	2.635700	0.062400	0.763300	0.000000	5.756200	4.325000	1.727100	3.423800	3.016800	-0.167100	2.202300	3.909900	2.922400	4.497900	3.050500	6.396300	10.897500	8.252900	26.543600
431	3.801500	2.127200	0.890100	0.000000	0.971400	4.815800	3.862700	2.211600	3.115300	2.011200	1.483500	3.251600	4.321600	3.526000	4.372800	1.707800	12.446800	5.295700	4.389500	9.793500
432	2.034500	0.680800	-0.636900	0.039600	-0.368500	2.431100	0.497000	0.458600	0.934900	0.765300	-0.189600	0.000000	1.335200	0.441200	2.366200	0.743300	0.183700	-0.110200	-0.099900	0.365100
433	4.698700	3.188900	0.000000	1.400500	1.035700	5.010900	1.898700	3.524600	4.457000	3.204000	0.264000	3.788600	1.892600	2.706600	3.665800	3.377300	1.644100	2.953900	1.606800	2.753100
434	5.495700	3.946500	2.007500	4.683100	4.799700	13.441300	2.234500	6.679800	5.701300	4.260500	1.021800	2.653600	5.965200	3.305200	6.287500	5.245500	0.403900	0.761000	0.000000	3.597200
435	2.307000	0.834200	-0.540700	0.045200	-0.469000	5.325700	0.517500	1.833700	1.558900	1.402000	-0.089700	0.270000	0.000000	0.899800	0.653200	0.524400	0.864300	0.631000	0.420000	1.571100
436	4.148400	2.387900	0.514200	0.000000	-1.048600	6.483000	9.732800	2.342700	2.971700	2.394900	1.978600	5.579100	5.161900	3.792800	5.111400	3.592800	29.534400	13.604100	6.499700	13.124300
437	2.497600	0.770600	-1.934600	0.065700	-1.058100	3.923700	0.199300	2.000800	2.571700	1.089300	-1.609200	-0.223500	0.360600	0.000000	2.317300	1.721700	-0.144400	-0.081000	-0.187300	1.572700
438	2.107500	0.753100	0.004700	1.680900	1.964500	7.354300	0.305000	1.267400	1.007100	1.495300	0.079800	0.000000	1.234400	0.458900	2.136100	1.496000	0.321200	0.758600	0.375400	1.224900
439	1.353200	-0.132100	-0.930000	0.273700	-0.003000	8.127100	-0.494400	0.000000	1.085000	0.825800	-1.205000	-1.022400	0.228900	-0.895300	1.526400	0.008700	0.055000	-0.869600	-1.042300	0.194300
440	0.000000	1.856800	13.265000	8.930500	12.865400	6.653000	9.748500	8.909200	3.785800	5.439900	11.916000	13.038000	13.692800	13.211300	10.713700	9.843100	24.153600	14.990100	13.894500	71.400500
441	2.606000	2.021600	1.190100	2.244500	1.778600	5.461400	1.417700	2.300900	2.307100	1.685300	0.272100	1.323400	2.565900	1.780200	2.965700	2.114200	-0.585700	0.338500	0.000000	1.184000
442	0.268600	0.245400	-0.265600	0.005600	-0.115100	0.129600	-1.094400	0.015500	0.415700	0.135700	0.044200	-0.170100	0.396400	-0.137000	0.039000	0.000000	0.373000	-0.069100	-0.110900	0.034000
443	2.396300	1.298500	-0.669900	0.483900	0.000000	-0.333500	0.647800	1.504000	1.862000	1.431800	0.093200	1.301400	2.492800	1.635000	3.618400	1.491900	2.318300	0.998300	0.671600	1.352200
444	0.609300	0.269300	0.058100	0.645600	0.403300	-0.335400	-0.200600	0.676600	0.486700	0.670000	-0.133000	-0.139700	0.559000	0.000000	0.932600	0.701400	-0.521300	0.333200	0.273100	0.645600
445	-0.038800	-0.110600	-0.307500	0.476000	0.181600	-0.774800	-0.244700	-0.064400	-0.507700	-0.529000	-0.185500	-0.414300	-0.691900	-0.114600	0.000000	-0.077400	-0.218000	-0.478500	-0.660400	0.083400
446	2.552500	1.523100	0.395400	2.006700	1.209600	1.746900	0.342900	2.259900	1.592900	1.339000	0.000000	0.724900	2.176800	1.373800	2.750500	1.139300	0.723900	0.016500	0.344500	1.561900
447	1.998200	1.359700	1.781800	2.966200	2.198000	-0.170200	2.117800	2.008500	2.296100	2.251700	1.361500	1.216900	1.282900	1.874700	0.000000	2.609800	2.113400	1.850600	1.780300	2.616500
448	1.931700	1.569200	-0.009900	0.704100	0.000000	5.128600	1.125600	1.726500	1.902000	1.310700	0.110900	1.002700	1.239600	1.129100	1.115400	1.533700	3.117900	2.243200	1.645200	1.676000
449	1.207500	0.744300	0.029500	0.000000	0.655600	0.299000	6.533300	0.450700	1.383500	0.410000	0.979900	2.732200	1.742200	2.755000	1.651900	0.643800	15.215200	7.200900	6.141700	3.927100
450	-0.087700	0.000000	-1.406100	-0.290400	-0.265200	-1.579200	0.017900	-0.744600	-0.928500	-0.090800	-1.251200	-0.132500	-1.389200	-0.286300	-1.032900	-0.345400	0.018300	0.333700	0.229500	0.041800
451	0.838600	-0.952600	-2.186600	-1.591100	-0.867900	-3.706400	1.953600	-0.018000	0.000000	-1.155600	0.260800	1.454700	0.726400	-1.358200	3.114100	-0.087400	7.809700	2.966800	3.417700	50.821300
452	0.192600	-1.130700	-3.609600	-1.020700	-1.491600	-0.922500	2.714900	-1.560700	-0.193600	-0.850000	-3.569400	-0.589600	0.000000	-0.370400	0.411000	0.391700	1.314600	2.834500	0.571200	0.145700
453	0.159200	-0.619700	-1.338800	-0.557600	-1.191600	1.370300	-0.306000	-0.072500	0.201300	-0.065800	-1.263300	-0.531500	-0.557900	-0.603600	-0.964200	-0.257100	-1.098000	-0.741100	-1.531400	0.000000
454	4.859600	3.283400	0.000000	1.182900	-0.018400	6.174000	4.643200	3.020400	4.263600	3.134100	0.119100	2.825600	4.348600	3.954100	4.448600	3.738800	5.577900	2.150100	1.251200	4.597300
455	5.211200	3.511300	0.000000	2.714600	1.863500	11.270200	2.137300	3.643600	5.236900	3.796000	0.155500	2.275800	4.155100	2.746800	5.092900	4.352700	-0.172800	0.326400	-0.641000	2.555400
456	0.381300	-0.685500	-1.670500	0.342000	-0.709400	3.810900	-0.227900	0.460700	-0.037100	0.056500	-1.702100	-0.887800	-0.270200	-1.062300	0.491300	0.369800	-1.847100	-1.216000	-1.125100	0.000000
457	0.309700	-1.017800	-1.710100	1.133500	1.358900	2.330400	-0.880900	0.245800	-0.277000	-0.389500	-2.174900	-0.860400	-0.771600	0.000000	0.693600	-0.144000	-0.786800	-1.955600	-2.332100	0.076300
458	1.049100	-0.305500	-2.043900	-1.422200	-2.175600	2.378600	0.234400	0.381300	0.000000	-0.097800	-2.609100	-1.061100	0.858900	-0.165100	1.420800	0.430100	-2.363100	-1.114800	-1.733600	0.402400
459	2.915000	1.914300	0.000000	1.544900	0.220500	4.608200	1.042200	1.199100	2.019200	2.201000	-0.301600	1.135700	2.216300	1.341600	3.023600	2.327800	0.370500	-0.568700	-0.126300	2.041700
460	1.572000	0.056900	-1.904400	0.000000	-0.709300	3.210700	-0.669300	1.091700	0.440900	0.479500	-1.690100	0.279500	0.839100	0.273800	1.313300	0.650600	0.075900	-0.487400	-1.234800	0.653000
461	0.000000	4.823400	5.484300	7.612400	7.715800	13.001800	6.049400	8.449700	6.080800	5.337200	4.841600	5.575000	7.344400	6.549100	7.191000	5.857700	5.624000	5.730000	5.500800	6.228200
462	2.003800	0.576500	-1.327500	-1.076900	-1.494400	1.036300	-0.868400	0.790300	0.941100	0.400200	-0.912000	0.000000	1.525200	0.125500	2.169200	0.795300	1.905200	4.411500	2.039200	17.038400
463	0.661500	0.704000	-0.058600	0.530100	0.077100	3.400400	-1.114000	0.077900	-0.101900	0.191600	0.517700	-0.524700	0.803900	0.000000	1.035400	0.024500	0.279500	0.075000	0.392900	-0.301200
464	2.241800	1.319500	4.315000	5.638200	5.765400	8.049400	10.516800	4.278800	0.000000	2.069400	1.694800	9.906800	6.598800	3.568700	5.588200	2.064200	13.016300	9.538700	7.968100	7.723200
465	4.630700	2.963400	8.909400	5.905200	7.788300	0.000000	21.308000	6.664900	4.386500	4.592600	9.723600	14.229300	10.971000	10.024900	7.426900	6.888600	31.992000	26.465000	22.326500	29.370100
466	6.059000	4.967300	1.580500	4.991400	3.336200	8.017700	4.917200	4.248100	4.633300	4.443000	1.580800	4.563100	5.650800	4.863100	5.360000	4.624400	4.992400	1.027100	0.000000	4.063900
467	1.348600	0.205800	-0.070100	0.618800	1.903300	3.623400	-0.347700	-0.249100	0.940600	0.279400	-1.092700	0.331900	-0.477700	0.000000	4.249800	0.513000	14.151600	17.151900	13.223100	13.967600
468	2.294000	1.675100	-0.380200	4.867400	4.404400	5.956200	2.990600	2.222000	2.393900	1.376100	-1.012200	1.685500	2.791700	1.670400	2.111600	0.000000	7.949200	1.433700	-1.364000	1.053500
469	0.047900	0.000000	-1.363000	-0.332500	-1.130300	0.214500	1.151500	-0.329300	1.005900	0.057600	-1.478000	0.398700	1.275900	-0.712100	-0.326900	-0.217300	3.350600	2.345900	2.381900	-0.818700
470	1.281900	1.001200	0.398800	0.567700	-0.119700	3.446000	0.543100	1.360200	1.577800	1.208900	-0.929000	0.642600	1.602600	1.255000	1.458300	1.628800	-0.686900	0.000000	0.441200	1.737400
471	0.327400	0.317700	-0.779600	1.353500	0.700100	0.009800	-0.632200	0.752500	0.385300	0.350900	-0.954000	-0.466300	-0.211400	-0.235100	-0.084900	0.000000	-0.672900	-0.909600	-1.110600	0.035000
472	1.272300	0.211500	0.168100	0.000000	0.805600	4.203400	4.382700	0.680600	1.563300	0.489000	0.935000	0.241500	3.856700	1.959400	3.388000	1.485300	9.551600	2.934400	1.940800	4.630600
473	0.490000	0.300700	0.054400	0.038600	-0.082800	1.105200	0.036600	-0.025700	0.241500	0.243100	-0.096600	0.000000	0.268800	0.038100	0.479700	0.365300	-0.505800	-0.116700	-0.344100	0.312700
474	0.000000	2.756400	3.656800	7.297800	7.482900	8.765400	3.247600	7.100900	3.989300	3.621000	3.425800	3.621400	4.102500	3.958000	4.331300	3.223400	3.486800	3.709900	3.643200	3.530100
475	0.059100	-0.148700	-0.774300	0.351200	-0.494100	-0.518100	-0.014100	0.291300	0.291400	-0.404200	-1.655600	-0.283400	0.269900	0.000800	0.414400	0.000000	-1.084400	-1.658300	-1.958600	0.225300