SITE	GLY	ALA	LEU	VAL	ILE	PRO	ARG	THR	SER	CYS	MET	LYS	GLU	GLN	ASP	ASN	TRP	TYR	PHE	HIS
208	2.335600	1.948600	0.000000	1.327900	0.143700	1.975500	0.896600	1.677600	2.113600	1.429200	-0.783500	0.668200	1.910700	1.739800	2.286900	1.988900	1.432600	1.076700	2.033200	1.903400
209	1.961900	2.195300	2.223600	3.826100	3.382700	0.999700	1.976900	1.212800	0.000000	2.729100	2.173800	1.729000	1.247500	2.171200	0.851600	1.689700	2.273800	2.254300	2.057600	2.017800
210	1.510100	0.000000	-0.512000	0.197900	1.686900	-2.072300	0.182000	0.140000	0.827400	0.508300	-0.705800	-0.071800	-0.974700	0.008900	-0.209900	0.959500	-0.319400	-1.122300	-1.376000	0.795700
211	1.276400	0.995300	0.039000	0.763200	0.418000	1.527100	0.294200	0.826800	0.877600	1.062200	0.354400	0.000000	0.396300	0.060300	0.989700	0.935800	-0.216300	-0.355200	-0.419900	0.953100
212	1.622800	0.584500	-0.296900	0.720200	0.194700	-0.804500	0.292000	0.584400	0.474000	1.179200	-0.417100	0.265700	0.122300	0.284400	0.000000	0.646900	0.469800	-0.115500	-0.304200	0.850700
213	4.099600	2.360800	0.000000	2.499400	1.514800	10.814200	4.760900	3.840800	4.247600	3.429900	0.546100	0.935200	4.878600	2.708300	5.346300	3.297600	6.431200	6.450100	1.821100	3.606900
214	1.913400	0.000000	-0.183300	2.716300	2.002600	8.285600	2.135200	2.697300	0.716400	1.356000	-0.313300	1.077100	1.847800	1.980200	5.837100	6.111600	19.226800	11.582900	1.033600	35.262790
215	2.395500	1.333200	0.000000	0.870400	-0.052000	4.875000	0.936700	1.108700	1.439700	1.631800	0.113600	0.751600	1.164300	0.617000	1.975900	1.800800	0.884900	0.891100	0.858700	1.714200
216	2.754300	1.417300	0.000000	1.386300	0.223800	4.978800	0.522900	1.920500	1.637300	2.117500	-0.065800	0.591600	1.463800	1.364000	2.286000	1.208100	0.373500	0.747200	0.681100	0.892200
217	4.838000	3.246900	0.000000	1.244700	0.283600	5.063300	4.619100	2.316200	3.651900	3.428300	0.383900	3.636600	3.851600	2.317100	4.471800	2.640500	7.232700	-0.364400	-0.297700	1.853500
218	3.124100	2.699400	1.299300	2.729300	2.279100	8.051300	2.119900	3.423600	2.816200	3.385000	1.490100	2.463300	3.235300	3.096300	3.908800	3.719700	1.954200	1.023500	0.000000	2.873500
219	0.322800	-0.060400	-0.312900	0.612200	0.025400	-0.096500	-0.996300	0.000000	0.032700	-0.020800	-0.303800	-0.400600	0.161200	-0.381100	0.397000	-0.079000	-0.287100	-0.337400	-0.680000	-0.427000
220	1.099300	0.338000	-1.252000	0.578600	0.211100	2.268600	-1.256400	-0.433700	-0.122500	0.426400	-0.451700	-0.629000	0.403300	0.008500	0.844600	0.110600	-0.767700	-1.499800	-1.253800	0.000000
221	4.481100	3.499200	0.000000	2.282900	1.266200	6.514900	8.712800	2.181300	3.619200	2.520000	0.088200	2.731400	4.199200	3.346100	4.829800	2.587200	10.335200	3.525000	-0.610500	4.231900
222	1.159800	1.105800	1.183700	1.415100	1.333600	0.000000	1.230400	1.282200	1.092100	1.178400	1.193500	1.260900	0.470600	0.771100	0.293100	0.827600	1.374800	1.301500	1.300000	1.419400
223	0.000000	2.021200	3.038800	4.779900	3.644700	4.684200	1.980800	4.231800	3.623900	3.361200	2.488300	1.749500	2.929500	3.151000	2.466600	3.368700	2.563300	2.846000	2.779900	3.260800
224	0.106300	-0.089600	-0.006300	-0.029400	-0.128700	1.417300	-0.530900	-0.298600	-0.440200	-0.211400	-0.365000	-0.563100	-0.475800	-0.441800	-0.212800	0.000000	-0.778800	-0.262300	-0.296100	0.130100
225	-0.127400	0.789600	0.024900	3.057800	3.124800	4.154000	0.386600	3.369200	1.230500	0.655800	0.180500	-0.163000	0.255100	0.255100	0.311600	0.000000	0.128500	0.100500	0.050100	0.272500
226	0.637900	0.680100	-0.247100	1.936500	1.426500	2.542400	1.200300	0.000000	-0.507300	0.680500	-0.517500	0.978900	0.520400	0.876000	-0.920500	0.881800	0.485200	0.141600	0.119100	1.835900
227	3.948400	2.506800	3.419600	1.779300	1.386700	0.000000	3.106900	3.542100	4.170000	3.143300	1.790400	1.128200	0.751600	2.333000	2.116900	3.888600	5.046400	4.676800	7.207000	9.655300
228	3.668200	1.987000	-0.543600	1.681400	1.338300	1.526300	1.849900	1.967100	2.885300	2.351600	-0.853800	1.524400	0.666100	1.305400	2.337100	2.759100	-0.755900	0.347500	0.000000	1.189500
229	2.901200	1.261200	-0.234700	0.425800	-0.331800	2.563100	1.063600	1.979200	2.150000	1.610200	-0.364900	1.401900	1.114900	1.450300	0.669200	0.382200	0.026700	-0.703700	-0.799300	0.000000
230	3.583200	2.073100	-0.036600	0.451700	0.000000	3.082800	0.716000	1.688100	2.615100	2.119400	0.053600	1.502600	2.237700	1.392600	1.894700	2.557500	0.363500	1.217300	-0.362200	3.358600
231	5.270600	3.468700	0.000000	3.167600	1.971500	9.061000	4.078700	3.546900	4.136100	3.497600	0.079500	2.219700	4.692200	3.575700	5.340200	4.208700	3.166300	5.023800	0.950900	3.250200
232	1.983600	0.000000	2.105200	0.082600	2.295800	4.844500	10.127900	2.401400	1.634300	2.055700	1.065600	5.057800	7.008100	5.131900	0.000000	1.983600	0.000000	2.105200	0.082600	2.295800
233	1.482400	0.400700	-0.999800	0.035100	-0.903300	3.172600	0.019400	-0.370600	0.666200	1.111700	-1.156800	-0.498200	-0.218400	0.000000	0.742800	1.021100	-1.132000	-0.222100	-0.461600	0.848600
234	3.458400	1.852500	0.281400	0.000000	-0.552000	4.844700	2.076400	1.780100	3.446200	2.068500	0.137300	2.086600	2.566300	2.765100	3.895300	2.855400	12.314600	12.196300	5.242000	4.161600
235	5.521900	3.878000	0.000000	2.675600	1.945700	6.042000	9.986400	2.694300	4.952600	2.852700	0.318400	4.359300	5.625500	3.240900	5.533200	3.500700	21.240020	12.179900	7.157700	7.514400
236	0.896700	-0.897800	5.930400	1.806800	3.942600	4.973300	8.307400	1.222000	0.000000	-0.031900	3.086600	7.067400	7.907000	9.139300	5.146100	5.873600	26.773920	23.096980	16.430800	48.550500
237	1.414800	0.516800	-0.192400	0.327900	-0.293800	3.982100	0.244500	0.265700	0.742900	1.099600	-0.536300	0.000000	0.386800	-0.117900	1.077100	0.411000	-0.204100	0.067000	0.026400	0.321100
238	3.336300	2.050400	0.210600	0.591900	0.000000	3.799500	1.353600	2.116700	2.811600	2.142800	-0.099600	0.281000	2.232500	1.756100	3.193300	1.323900	1.086200	1.649900	0.051700	0.920900
239	1.792100	0.000000	6.967600	2.907700	3.370500	9.280800	17.131300	2.729300	1.126000	3.310500	5.772200	13.083300	9.898400	8.292200	6.239400	4.436200	38.829900	26.614060	17.008400	43.779000
240	1.756100	0.330000	-0.584600	0.151300	1.452000	5.403600	0.162600	0.624600	0.980900	1.021800	-0.524800	-0.125300	0.451900	0.238600	0.509900	0.878800	-0.183700	0.000000	-0.034100	0.713600
241	1.913800	0.977700	-0.401600	0.430600	-0.287300	4.503300	0.379300	1.407900	1.496200	1.210200	-0.067500	0.000000	0.949600	1.108800	1.682800	0.808000	0.921500	1.071600	0.985400	0.877100
242	0.097900	-0.110900	-1.011900	1.416200	0.783200	3.062900	-1.152300	0.770100	0.000000	0.046100	-1.120400	-0.409300	0.631000	0.066900	0.970300	-0.891900	-0.075200	-1.169100	-1.441300	-1.358100
243	0.000000	2.211100	2.187600	3.475800	4.627600	6.703400	1.462800	3.236600	2.175500	2.257100	2.191200	1.240600	2.384900	2.271800	2.459200	1.738800	2.356300	2.132300	2.167800	1.917900
244	1.412800	1.463600	-0.106800	0.075000	1.347500	5.376900	0.246700	0.794900	1.319800	1.336100	-0.035700	0.000000	1.306200	0.405100	0.181300	0.449200	0.577600	0.355800	0.249500	0.830400
245	0.170500	-0.871200	-0.231000	-0.761400	0.126000	0.238300	0.490400	0.398400	0.000000	-0.431700	-1.636100	0.156200	-0.187200	-0.004400	-0.541400	0.313100	0.280600	-0.446600	-0.308500	0.643000
246	0.000000	-0.400400	-0.334600	-0.109600	-0.262000	-0.458300	-0.133300	-0.062300	0.209000	0.073600	-0.497400	-0.311600	-1.595700	-0.468400	-1.241100	-0.062900	-0.283000	-0.960900	-1.122200	0.243600
247	0.904100	0.000000	-1.071600	0.023600	-0.723900	-1.830600	-0.619100	0.073100	0.136600	0.326100	-1.132500	-0.790700	-0.744300	-0.711700	0.416800	0.317400	-0.994800	-0.820700	-0.896200	0.172600
248	6.184100	4.376400	1.379100	5.026500	3.911300	11.191500	5.486000	3.685800	4.825500	4.521100	1.051700	4.831800	5.519000	4.530600	5.793100	3.953600	3.195400	0.965100	0.000000	3.911600
249	3.121900	1.948300	0.000000	1.288900	1.550100	5.053100	1.577600	1.703800	2.198100	2.384700	-0.704200	1.332000	2.077100	1.912900	2.853700	2.658200	1.775100	0.236200	-0.435400	2.058200
250	0.480700	-0.290300	-0.556800	0.014500	-0.471500	2.746800	-0.544500	0.282100	0.202900	0.483100	-0.558300	-0.375400	-0.456700	-0.583700	0.000000	-0.182100	-0.337400	-0.413600	-0.454300	-0.106200
251	1.536900	0.000000	-1.068800	0.360600	-0.045700	3.179400	-1.198500	0.099300	0.384200	0.653700	-0.835400	-0.650100	0.342800	-0.007200	1.081000	-0.188500	-0.462000	-0.463100	-0.809300	-0.233500
252	6.076100	4.165500	0.806800	3.702500	3.410600	8.379700	4.442500	4.760800	5.809000	4.353400	1.125200	4.483300	5.385600	4.602800	5.958400	5.050800	3.010000	0.450800	0.000000	3.885400
253	1.434300	0.675200	-0.725000	0.507600	-0.478200	5.083400	0.465700	0.164500	0.621200	0.826000	-1.232300	-0.053500	0.452800	0.285300	1.100600	0.532500	-0.721400	-0.150600	-1.432300	0.000000
254	0.770300	-0.060200	-0.284200	0.411300	-0.201100	3.366300	-1.077200	0.601100	0.031300	0.576600	-0.978100	-0.343600	0.237700	0.000000	0.639100	0.226600	-0.355200	-0.478800	-0.222800	0.432100
255	3.285600	1.811600	0.114300	0.901200	0.000000	5.272600	1.340100	1.808700	2.235100	2.095500	0.422600	2.049700	3.106300	1.921400	3.974400	1.864600	1.331500	0.275400	0.343000	1.480300
256	3.419900	2.473100	0.000000	2.178200	0.959600	4.952500	1.965700	1.809300	2.550000	2.581900	0.321400	1.630300	2.828200	2.158700	3.556000	2.034100	2.367700	1.668700	1.973000	2.670600
257	0.792100	0.032500	-0.166900	0.705900	0.253000	2.705800	-0.813300	0.806400	0.000000	0.657700	-0.402400	-0.351600	0.412900	0.001500	0.895600	-0.011100	-0.282900	-0.462300	-0.577200	0.010200
258	-0.377000	-0.597700	-0.985900	0.179600	-0.504600	7.624000	-1.140400	0.412600	-0.693200	-0.093400	-0.960900	-1.015500	0.000000	-0.478600	0.783800	0.037200	0.159300	-0.331500	-0.400200	-0.017200
259	0.000000	3.617600	3.832400	5.178600	5.163700	7.774700	2.881100	5.017900	3.692000	3.673300	3.712600	3.113100	4.027400	3.416400	4.133400	3.704000	3.778000	3.737700	3.729600	3.825200
260	0.937300	-0.203300	-1.267400	0.193300	0.110800	-0.064000	-0.263700	2.663300	0.219700	0.359100	-1.269800	-0.561200	0.000000	0.107100	0.813500	-1.103700	-0.893900	-0.691000	-0.630700	-0.812100
261	0.515400	1.255800	0.581600	1.615700	1.293600	0.265100	1.348300	0.578900	0.252300	1.754200	1.159600	1.073900	-0.177400	1.234700	-2.455200	0.000000	1.809400	1.798500	1.046500	1.120200
262	1.978500	0.000000	3.907600	-0.134900	2.021000	-0.527800	7.905000	0.747000	1.788100	0.531100	1.520400	6.002900	4.968900	4.041400	3.659800	3.767100	10.588100	10.720800	6.437600	12.165200
263	1.789700	0.500700	-0.758900	0.328100	-0.727200	-0.375400	0.566600	0.400800	0.813600	0.005300	-1.170100	-0.037000	-0.975000	0.000000	0.932700	0.619900	2.691400	3.638100	2.364600	2.909200
264	0.835800	0.000000	0.160500	1.986900	0.874900	-1.073600	0.205000	0.212400	0.449500	0.704200	-0.339900	0.225500	0.337200	0.177000	0.996500	0.380100	0.723800	-0.341000	-0.620800	0.954900
265	2.244500	0.000000	5.206900	1.102400	3.280600	4.199900	12.193100	1.415000	1.467500	1.330300	4.979700	10.666000	7.635800	6.183800	8.276400	8.016900	36.940620	39.530950	30.744952	37.030860
266	5.673700	3.922700	0.000000	3.616400	2.285600	7.815700	6.434600	2.548500	4.268600	3.631300	0.384000	4.010600	4.643200	3.109500	5.258700	3.397000	9.587300	0.849400	1.052400	2.316100
267	1.312900	0.338300	-0.841900	-0.017000	-0.763300	2.773200	0.225000	0.000000	0.572500	0.773300	-1.011100	-0.308300	0.272500	0.290100	1.137900	1.026100	0.095500	-1.069300	-0.019700	0.805600
268	2.139400	1.002000	0.037400	1.341000	0.421600	5.539800	0.000000	1.745800	1.224100	1.657700	-0.229100	0.095900	1.420700	0.746100	2.128400	1.592900	0.365800	0.318800	0.250600	1.241000
269	4.716900	3.324700	0.000000	2.446200	1.461500	7.079800	4.283400	2.591800	3.712600	3.374200	-0.073200	3.280400	4.406400	2.739900	4.860400	3.629100	12.391700	21.683990	9.573900	13.269700
270	1.161600	-0.508400	2.168200	0.758000	1.408800	5.754800	2.242300	3.254800	0.000000	0.266100	-1.271200	0.095400	2.622400	1.998100	6.295200	3.968400	14.699500	13.736200	12.885500	34.979230
271	1.516100	1.592600	1.289100	2.224900	1.986700	5.375700	0.000000	1.737400	1.273300	1.744400	1.492200	0.894100	2.169500	1.260200	2.968600	1.968000	2.215200	1.527400	1.316400	0.433500
272	1.512600	1.644200	0.832900	0.381500	0.123800	6.484600	0.029500	0.000000	0.600600	0.701000	-0.524400	0.263600	1.429300	0.483000	1.513600	1.332600	0.460900	1.205900	1.085700	1.760600
273	3.582800	2.841300	0.386500	2.306700	2.115300	12.817600	2.087400	2.824900	3.646000	2.275700	0.701300	1.656100	2.741900	2.363800	2.415000	1.805700	0.632700	0.908800	0.000000	1.362400
274	-0.043500	-0.403100	-0.735900	0.061800	-0.304600	-2.512400	-0.386300	0.124200	-0.005700	0.209500	-0.877700	-0.666700	-0.769600	-0.536000	0.000000	0.105200	-1.163700	-1.009400	-1.147900	0.178100
275	1.412500	0.000000	0.185800	1.077900	0.974000	2.826500	1.781100	2.334200	1.121200	1.129700	0.322800	0.926500	1.539200	1.296900	2.552700	2.438800	12.282700	13.578100	12.620500	6.718900
276	6.189300	4.678100	0.918500	4.023300	3.044900	8.769800	6.511900	3.358800	4.505600	4.523200	1.358300	4.298700	6.512300	5.107700	6.823200	4.858400	9.824300	-0.294900	0.000000	2.983100
277	0.801400	0.487000	0.000000	0.741500	0.326300	3.803000	-0.422500	0.719300	0.766700	0.669000	-0.079500	-0.255800	1.101200	0.329500	1.362700	0.683300	0.636700	0.388200	0.300800	0.447000
278	0.000000	2.914700	2.699900	4.309100	4.121800	5.878700	2.219200	3.623800	2.892400	2.829000	2.531600	2.501100	2.933000	2.820300	3.141300	2.612800	3.228400	3.075100	3.062600	2.575300
279	1.785400	0.676500	-0.686000	0.000000	-0.113900	6.868900	-0.696800	0.785500	1.429300	0.736500	-0.779000	-0.007400	0.591500	0.069800	1.428000	1.160900	0.376600	-0.050500	-0.556500	0.093800
280	0.766200	-0.032900	-1.020900	0.000000	-0.417200	-1.367100	-1.387700	0.133100	0.165300	-0.525300	-1.097000	-0.656200	-0.433000	-0.799400	0.250000	0.004600	-0.170900	-0.259500	-0.322100	-0.068000
281	4.384300	3.123500	5.400500	4.824000	6.530300	0.000000	10.741500	5.968900	3.941300	4.363500	4.661900	9.350600	7.156700	6.999300	6.639900	7.891500	16.565700	17.205000	10.973800	49.666900
282	2.778600	2.082900	1.044300	1.730500	1.001300	0.000000	1.916800	1.975300	2.458300	2.136600	0.428500	1.645500	1.885100	2.086100	2.373000	2.556700	1.847600	1.773100	1.650500	2.571200
283	1.710700	1.132800	-0.639000	0.000000	-0.440900	0.314200	0.029500	0.314900	1.070700	0.419100	-0.763000	-0.213700	0.176400	0.315900	0.811700	0.596300	-0.498400	-0.941800	-1.108800	0.297700
284	2.665200	1.792700	-0.044600	1.123200	0.000000	5.609000	1.204600	1.564900	2.075300	1.679200	-0.195500	0.865500	1.145100	1.340400	1.401600	1.546700	-0.436700	0.066100	-0.413300	1.746200
285	0.578400	0.492100	0.318500	0.680700	0.146600	-0.103600	0.000000	0.744400	0.743000	0.618000	-0.095800	-0.086900	0.182000	0.466400	0.558700	0.253300	-0.166900	0.080800	-0.050700	0.565800
286	2.963600	1.782500	0.304600	0.000000	-0.185900	5.258400	0.945400	2.443000	2.342400	1.476300	-0.353500	0.657400	2.098700	1.383700	3.135200	2.666300	2.369400	-0.160800	0.144000	1.777900
287	0.636000	0.565100	-0.041900	0.559900	0.032000	-1.090200	-0.432500	0.583700	0.628900	1.043300	0.238100	0.000000	-0.278200	0.198200	0.680000	0.519400	0.155000	-0.332700	-0.446800	0.675800
288	0.708200	0.187000	-0.214700	0.414000	0.529100	2.437700	0.276600	0.404400	0.366700	0.077100	-0.420700	0.095300	0.720600	0.478400	0.106400	0.000000	0.309500	-0.396000	-0.832300	0.849200
289	3.704100	2.846900	0.353400	2.872600	2.413500	2.021300	2.917400	3.061300	3.377000	2.831600	0.267200	2.679400	2.776800	2.654500	3.606200	3.234000	2.753900	2.731600	0.000000	3.258700
290	0.220500	0.171200	-0.484500	0.296600	-0.096500	-0.348500	0.177000	0.643000	0.096900	0.052700	-0.110200	-0.105300	-0.330500	0.000000	0.082800	0.149000	0.057300	-0.076900	-0.219800	0.366800
291	1.516700	0.456800	-0.365600	0.659600	0.244600	7.403700	0.328200	0.000000	-0.376300	0.551400	-0.040600	-0.132200	-0.220200	-0.193000	0.748300	0.721600	0.524800	0.223600	0.150600	0.692800
292	4.131800	2.086200	1.611900	0.000000	-0.413400	-0.167200	28.456750	1.207000	2.370500	0.991500	1.884500	3.504300	5.044000	3.943500	3.249500	3.696800	28.024980	24.885670	20.671070	29.502687
293	4.070100	2.730500	2.871500	3.504000	4.093500	0.000000	3.050700	4.802500	4.041800	3.387300	2.874700	3.195900	3.083000	3.517400	3.020600	3.451600	2.798000	2.598700	2.501400	3.578500
294	0.620500	0.248500	0.006400	0.614100	0.287200	-1.312400	0.000000	0.676200	0.606100	0.562200	-0.207000	-0.166400	-0.144700	0.035700	0.289500	0.441700	0.013700	0.009400	-0.052000	0.468400
295	2.104100	1.388100	0.986100	2.300400	1.645200	0.000000	1.941400	2.781900	1.996600	1.848800	1.298000	1.434100	1.305400	1.327300	1.671700	1.223000	1.270900	1.142600	1.081900	1.922900
296	2.764800	0.931500	0.160300	0.962700	1.229800	3.314800	4.356900	1.034900	1.758100	0.000000	0.194900	3.049700	2.759300	2.244000	4.027600	2.935100	16.279000	31.756220	21.457120	27.887250
297	0.784400	-0.107800	-1.071100	0.073100	-0.089900	4.161200	-0.299100	-0.356100	0.410200	0.160900	-1.058400	-0.452100	0.113200	0.000000	0.762700	-0.316400	-0.099900	-0.694000	-0.663000	0.556900
298	0.046800	0.158700	0.013400	0.682400	0.745400	0.114800	0.161700	0.269500	0.185700	0.124100	-0.463800	0.000000	-0.617600	-0.126000	-0.018100	0.103700	0.034300	-0.417600	-0.296800	0.142100
299	0.387000	-0.470000	-2.211700	0.368100	-0.159400	3.184400	-1.218500	0.360400	0.000000	-0.744900	-1.538800	-1.277300	-0.693600	-1.160300	-0.400800	-1.822700	-0.721100	-1.596200	-1.442100	-1.193300
300	5.076400	3.843200	0.000000	2.875000	2.773600	7.643300	4.502600	2.651900	4.181200	3.082900	0.083700	3.000800	3.677500	2.915400	4.503000	3.318200	6.856400	5.363700	5.983600	4.617000
301	2.040100	1.291200	-0.218700	0.324500	0.244100	5.395800	0.000000	0.978000	0.961400	0.856600	-0.068000	-0.038000	0.178100	0.195200	0.597600	0.992000	0.883200	0.113500	-0.035900	0.437200
302	0.216800	0.000000	0.078700	0.311300	0.186300	-1.287500	-0.486700	0.284000	0.253300	0.439400	-0.094500	-0.662600	-0.490900	0.011500	-0.302700	0.423800	-0.190300	-0.013000	-0.093800	0.094500
303	2.846500	1.633500	-0.951500	0.000000	0.360700	-0.670100	-0.210800	1.287700	1.802900	0.846500	-0.038000	0.509900	1.428700	0.506600	1.279300	1.950800	2.722300	1.669800	2.186400	2.688800
304	3.540500	2.866700	2.277500	2.593200	2.058000	0.000000	3.080400	3.667300	3.462600	2.568300	1.479700	2.980700	2.744000	2.868000	3.173300	3.391200	2.683600	2.855300	2.819800	3.378700
305	0.987500	0.765200	0.897100	1.009100	0.995100	0.000000	0.881900	0.958100	0.914800	1.140400	1.040000	0.729300	0.802200	0.980500	0.479200	1.154400	0.936900	0.891600	0.843800	1.082300
306	1.227300	0.003900	-0.144700	0.347500	0.275100	1.334900	-0.230100	0.318200	0.141500	-0.077000	-0.511300	-0.199300	-0.036300	0.104000	-0.097300	0.000000	-0.491600	-0.329800	-0.456800	-0.140700
307	3.877400	1.995200	0.617700	0.475400	2.500900	0.000000	2.793500	3.365400	2.689400	1.979200	1.665500	3.067000	2.878100	2.446000	3.154400	2.701600	3.204500	1.478100	1.152400	40.523500
308	1.354300	0.446100	-0.100600	0.452300	1.086800	0.676300	0.247500	0.000000	0.766900	0.608100	0.169200	-0.023200	2.090800	1.356500	3.887500	1.267900	2.008200	-0.077100	-0.138300	0.778700
309	3.330900	2.136200	-0.584800	0.775200	0.000000	3.516600	4.697900	1.741600	2.940100	2.100200	-1.239700	0.355900	4.131700	1.795600	4.457200	1.479800	12.122100	8.484300	3.466300	2.390200
310	1.425100	0.491100	2.235100	0.802200	0.873800	-0.405200	0.885300	1.343900	0.443800	0.663700	-0.419700	0.110100	0.929000	0.671300	0.000000	0.567800	0.403900	0.508800	1.212800	0.299800
311	1.633200	1.322900	1.361900	2.578700	2.151900	8.637300	0.575500	2.107700	0.791100	1.695300	1.209000	0.000000	1.129200	1.354900	0.405800	0.321200	1.888000	1.476600	1.469100	1.364700
312	0.000000	3.470700	4.259200	6.327300	7.990600	7.498500	4.134700	7.353300	3.590500	3.841300	2.832000	3.835600	4.707400	3.834800	5.294700	3.601700	4.688400	3.830300	3.542800	3.907600
313	4.343100	3.415200	0.480300	1.079000	0.580900	4.290700	3.141800	2.733000	4.453400	2.744600	0.947900	2.559300	2.824200	2.995100	3.127400	2.927700	0.000000	1.003100	0.604600	1.962800
314	4.188000	2.510100	3.223200	0.000000	0.637100	4.353800	7.389000	2.610300	4.631700	2.683500	3.175100	6.897200	7.363800	6.343300	5.483700	5.092200	20.107350	23.952030	18.323500	19.561800
315	1.728900	0.744100	-0.194300	1.937000	2.251800	3.821100	2.491300	1.801800	0.381700	0.000000	-0.326700	3.520300	5.353500	3.705700	2.439900	1.083800	7.653800	15.362600	13.100100	24.933950
316	3.827900	2.368000	-1.329600	0.000000	-0.773600	4.198100	-0.936600	2.108300	3.204800	1.560500	-0.840500	0.627400	1.685700	0.591100	2.895000	1.417100	3.109900	8.995600	4.616600	3.108200
317	6.351400	4.496800	1.315900	2.977300	1.906100	5.357100	4.015000	4.276500	5.834100	3.880000	0.957700	3.960800	4.887000	3.920500	5.787400	4.745000	-0.600700	0.000000	-0.716700	3.362200
318	1.115600	-0.246900	-1.856400	-1.441100	-2.011100	3.941400	-0.815200	-0.268100	0.000000	-0.383700	-1.454200	-1.512600	-0.198800	-0.583800	0.527900	-0.005300	-1.411500	-0.903700	-0.931900	-0.219000
319	0.965200	-0.220700	5.676700	1.436300	1.543900	2.640400	4.409500	1.179900	0.000000	-0.601000	0.447600	0.831400	4.441700	2.945600	3.400100	4.447400	10.544800	12.223700	11.907000	36.401670
320	0.752500	0.154900	-0.230400	0.117700	-0.200700	2.727100	0.124700	0.652500	0.544000	0.502300	-0.471400	-0.038000	0.000000	-0.104000	0.452100	0.619100	0.346900	0.118700	0.071200	0.884500
321	0.338500	0.222400	-0.774700	0.143100	-0.379400	0.589600	-0.200200	0.824600	0.275500	0.070100	-1.103700	-0.561900	0.138500	0.000000	-0.076700	-0.392700	-0.183400	-0.164300	-0.538100	0.519200
322	0.000000	3.169200	3.028300	4.453500	4.477700	8.430400	2.138100	3.917700	3.036500	3.244300	2.933200	2.651600	2.982500	3.143800	3.170600	2.677600	3.603800	3.593200	3.571500	2.736900
323	1.834400	0.782100	0.731900	1.302600	0.761500	1.760200	1.423900	1.467200	1.571800	1.504600	0.800200	1.218800	0.000000	1.049200	0.079400	1.444100	1.118300	1.353800	1.322100	1.595000
324	1.388100	0.502600	-1.422100	-0.742800	-1.153600	2.489400	-1.076700	0.000000	0.520300	0.094900	-1.348100	-1.116600	-0.069000	-0.919000	0.925700	0.341900	0.218200	-1.410400	-1.309200	0.313400
325	2.591000	1.118100	-0.869400	1.699200	0.394300	6.684100	0.000000	3.501400	1.099800	0.679900	-0.613700	0.157800	1.928000	0.718400	2.788100	1.564200	1.888300	-0.677000	0.081000	2.057300
326	1.671600	0.000000	0.346300	-1.899000	0.977300	3.871000	6.279200	0.241100	0.815000	-0.441900	0.050100	5.564400	4.280800	3.197400	3.910900	2.362300	12.487600	7.759900	6.801500	11.060800
327	5.596700	4.177900	0.000000	0.996600	1.536400	6.211600	7.727700	3.304300	5.245200	3.345600	0.137800	5.156900	2.466400	2.515300	3.048800	4.397000	40.399100	13.098300	9.054600	4.729400
328	1.620200	0.879300	-0.557700	0.553400	0.079300	6.113100	0.403100	1.677300	1.686600	0.825100	-0.247500	0.000000	0.876700	0.587800	2.496300	1.604000	-0.066500	-1.195500	-0.700600	0.708400
329	2.764300	2.185900	-0.074300	0.841500	0.000000	3.747600	2.574700	1.298500	2.722700	1.660800	-0.459200	2.336700	1.813100	2.125500	2.319500	1.330200	3.662100	4.693500	3.006500	5.644100