SITE	GLY	ALA	LEU	VAL	ILE	PRO	ARG	THR	SER	CYS	MET	LYS	GLU	GLN	ASP	ASN	TRP	TYR	PHE	HIS
21	-0.041000	0.146000	0.504000	0.693000	0.805000	0.633000	0.337000	0.558000	-0.111000	0.373000	0.348000	0.334000	0.325000	0.410000	-0.439000	0.000000	0.167000	0.238000	0.228000	0.422000
22	-0.720000	0.000000	-0.364000	-0.171000	0.186000	1.697000	0.107000	-0.660000	-0.369000	0.800000	0.436000	-0.374000	-0.660000	-0.450000	-1.990000	-1.575000	0.341000	0.398000	0.125000	0.368000
23	0.239000	-0.205000	-0.297000	-0.054000	-0.286000	-1.136000	-0.298000	0.000000	0.087000	0.312000	-0.550000	-0.460000	-0.862000	-0.504000	-0.456000	0.111000	-0.354000	-0.296000	-0.358000	0.202000
24	2.144000	1.588000	1.411000	1.921000	1.603000	1.198000	1.919000	1.913000	1.998000	2.080000	1.107000	1.568000	0.000000	1.322000	0.172000	1.943000	1.357000	1.435000	1.422000	2.082000
25	0.565000	0.029000	-0.177000	0.404000	0.000000	-1.356000	0.063000	0.261000	0.246000	0.282000	-0.603000	0.087000	-0.833000	0.106000	-0.223000	0.386000	-1.086000	-0.274000	-0.656000	0.305000
26	1.071000	0.151000	-0.475000	1.526000	0.993000	1.484000	0.000000	1.549000	0.266000	0.565000	-0.240000	-0.440000	0.277000	0.203000	1.065000	0.386000	-0.342000	-0.055000	-0.140000	0.737000
27	0.160000	0.000000	-0.698000	0.410000	0.109000	3.662000	-0.169000	-0.531000	0.065000	0.692000	-0.408000	-0.161000	-0.128000	-0.205000	1.128000	0.340000	0.328000	-0.550000	-0.343000	0.714000
28	0.404000	-0.430000	-1.675000	-0.014000	-0.767000	2.097000	-0.658000	0.064000	0.000000	-0.247000	-1.555000	-1.143000	-0.804000	-0.502000	-0.039000	-0.129000	-1.158000	-1.121000	-0.818000	0.017000
29	1.385000	0.380000	-1.305000	0.000000	-0.668000	2.928000	0.479000	0.081000	1.386000	0.800000	-1.427000	0.183000	0.408000	0.205000	0.953000	1.071000	0.095000	-0.135000	0.226000	1.073000
30	0.000000	0.742000	19.714000	11.891000	18.564000	9.287000	17.847000	10.519000	4.811000	5.719000	14.265000	19.248000	21.182000	19.481000	20.870000	17.768000	48.429000	39.311000	38.001000	49.673000
31	1.113000	0.234000	0.271000	0.665000	0.308000	2.393000	0.413000	0.065000	0.279000	1.012000	-0.142000	0.000000	0.999000	0.319000	1.407000	1.142000	0.879000	0.809000	0.399000	1.429000
32	3.693000	2.615000	1.697000	1.963000	1.297000	9.083000	2.804000	2.974000	3.678000	3.256000	0.000000	2.489000	3.058000	2.650000	3.817000	3.432000	1.453000	1.803000	1.502000	2.980000
33	5.590000	3.629000	0.078000	1.067000	0.000000	7.434000	12.668000	3.989000	4.576000	2.819000	0.585000	5.147000	4.439000	4.133000	5.085000	3.516000	18.339000	11.345000	7.575000	5.031000
34	0.261000	-0.897000	-2.066000	-0.603000	-0.750000	5.072000	-0.450000	0.766000	-0.273000	-0.338000	-1.724000	-1.022000	-0.123000	-0.796000	0.000000	-0.302000	-1.207000	-3.434000	-2.238000	-1.369000
35	0.000000	0.339000	3.754000	4.505000	4.462000	4.713000	4.099000	4.629000	2.538000	3.013000	3.058000	4.520000	5.012000	5.344000	4.936000	3.408000	2.879000	2.042000	1.656000	4.285000
36	4.193000	2.730000	0.192000	1.111000	0.000000	4.473000	5.715000	2.181000	3.537000	3.232000	0.410000	4.281000	4.729000	2.678000	4.844000	2.981000	10.006000	10.784000	7.196000	5.425000
37	0.000000	-0.055000	12.668000	9.007000	13.903000	8.777000	18.355000	7.915000	5.167000	4.417000	13.090000	0.000000	0.000000	-0.055000	12.668000	9.007000	13.903000	8.777000	18.355000	7.915000
38	2.951000	2.463000	1.036000	1.486000	0.897000	5.830000	0.000000	1.953000	2.566000	2.295000	1.359000	0.773000	2.679000	1.733000	3.235000	1.862000	0.559000	0.528000	0.955000	0.999000
39	0.507000	0.228000	-0.096000	1.524000	2.398000	6.723000	2.548000	2.796000	0.833000	1.237000	-1.444000	1.751000	3.366000	2.028000	2.917000	1.663000	0.846000	-0.891000	0.000000	3.548000
40	4.402000	2.958000	0.755000	2.779000	3.080000	9.197000	1.873000	2.519000	3.577000	3.375000	0.809000	2.995000	4.133000	2.778000	4.724000	4.102000	2.807000	0.000000	0.391000	3.408000
41	2.240000	1.249000	-0.468000	0.962000	0.000000	6.826000	0.912000	2.139000	2.225000	1.438000	-0.296000	0.748000	1.322000	1.214000	1.927000	0.983000	1.219000	1.409000	1.397000	1.876000
42	1.487000	0.936000	-0.995000	-0.006000	-1.015000	3.579000	-0.092000	0.808000	1.397000	0.830000	-0.791000	-0.428000	0.607000	0.000000	1.278000	1.019000	-0.158000	-1.611000	-1.050000	-0.155000
43	5.946000	4.004000	0.042000	3.692000	2.186000	7.221000	8.475000	3.544000	4.773000	4.000000	0.000000	4.846000	6.135000	4.470000	6.299000	4.668000	13.850000	8.300000	4.044000	8.052000
44	0.485000	-0.230000	-2.233000	0.605000	0.282000	6.730000	-1.899000	1.298000	0.118000	0.000000	-1.502000	-0.906000	0.484000	-0.637000	1.012000	0.629000	2.523000	2.071000	1.190000	2.116000
45	0.408000	-0.269000	-0.833000	-0.148000	-0.541000	3.098000	-0.786000	0.000000	-0.144000	-0.371000	-0.709000	-0.675000	-0.119000	-0.800000	0.547000	-0.368000	-0.300000	-0.378000	-0.447000	-0.613000
46	1.756000	0.332000	-1.457000	0.288000	-0.034000	0.902000	0.193000	2.172000	0.970000	0.699000	-0.941000	-0.284000	0.000000	-0.287000	0.374000	0.193000	0.426000	-0.481000	-0.740000	0.412000
47	4.394000	3.613000	0.000000	2.096000	0.840000	6.249000	4.574000	4.050000	3.996000	3.044000	1.030000	6.303000	6.333000	4.858000	6.177000	3.956000	7.393000	9.065000	2.676000	3.442000
48	-0.291000	1.062000	1.119000	3.128000	3.957000	7.119000	-0.949000	1.713000	0.478000	0.786000	1.086000	0.000000	1.279000	0.465000	1.440000	0.139000	1.265000	0.943000	0.899000	-0.190000
49	3.605000	2.575000	0.000000	1.576000	1.434000	3.652000	4.329000	2.986000	3.479000	2.460000	-0.006000	3.054000	4.083000	2.686000	4.513000	3.655000	12.094000	10.631000	4.148000	6.732000
50	-0.159000	-0.614000	-0.621000	0.733000	0.298000	-1.798000	-1.250000	0.361000	0.000000	-0.164000	-0.857000	-0.677000	-0.455000	-0.317000	-0.256000	-0.528000	-0.772000	-0.855000	-0.881000	-0.305000
51	0.341000	0.110000	0.200000	0.612000	0.510000	-0.219000	0.295000	0.431000	0.547000	0.719000	0.649000	0.276000	-0.447000	-0.511000	0.000000	0.534000	-0.246000	-0.365000	-0.509000	0.892000
52	2.433000	1.718000	0.786000	1.650000	1.004000	1.128000	1.517000	2.007000	2.408000	2.332000	0.686000	1.345000	1.459000	0.985000	2.008000	1.331000	0.382000	0.000000	0.130000	1.260000
53	2.747000	1.326000	1.507000	2.800000	2.588000	0.068000	3.027000	2.929000	2.053000	1.838000	0.613000	2.415000	0.000000	2.208000	1.799000	2.688000	3.381000	1.933000	3.279000	5.583000
54	0.000000	-0.571000	1.064000	1.298000	1.790000	8.893000	0.726000	2.427000	0.145000	-3.498000	-0.413000	-0.132000	2.138000	0.673000	3.318000	1.745000	3.608000	6.661000	4.993000	23.323000
55	1.750000	0.999000	-0.221000	3.546000	3.024000	4.876000	0.000000	3.004000	1.624000	1.351000	0.234000	-0.148000	1.570000	1.336000	1.466000	1.097000	0.671000	-0.978000	-0.048000	1.026000
56	4.227000	2.832000	0.000000	1.098000	0.678000	5.450000	10.867000	2.430000	3.590000	2.212000	0.711000	4.959000	4.727000	4.185000	4.127000	2.220000	13.021000	11.628000	6.786000	23.644000
57	2.776000	3.007000	-1.187000	1.405000	0.000000	4.190000	5.303000	1.727000	2.458000	2.262000	-0.726000	2.800000	3.341000	1.439000	2.676000	3.102000	7.418000	6.968000	0.414000	1.630000
58	2.186000	0.798000	-1.341000	-0.342000	-0.389000	-0.724000	2.542000	1.839000	2.307000	1.330000	-0.867000	1.341000	-0.811000	0.000000	1.966000	2.123000	3.560000	2.101000	1.203000	1.700000
59	1.699000	0.274000	2.034000	-0.709000	0.786000	3.351000	6.498000	0.420000	1.051000	0.064000	0.323000	3.684000	5.026000	6.679000	0.372000	0.000000	10.283000	3.703000	1.652000	28.377000
60	0.552000	-0.703000	7.801000	1.694000	7.085000	1.947000	14.261000	0.603000	0.000000	1.285000	3.515000	9.387000	7.851000	7.779000	8.557000	5.740000	39.162000	28.495000	25.737000	33.787000
61	3.805000	2.724000	0.000000	1.670000	0.503000	7.423000	3.102000	3.109000	3.121000	2.847000	0.009000	3.019000	3.605000	2.169000	4.678000	2.565000	3.285000	1.394000	0.695000	3.007000
62	0.360000	-0.492000	-0.356000	-0.332000	-0.608000	2.433000	0.929000	0.000000	-0.362000	-0.284000	-1.448000	0.646000	0.778000	-0.042000	1.751000	-0.306000	1.028000	0.748000	0.282000	1.913000
63	4.111000	2.905000	-0.094000	0.883000	0.000000	4.147000	4.066000	1.848000	2.981000	2.519000	-0.259000	1.978000	4.184000	2.079000	4.867000	3.228000	11.087000	10.902000	6.809000	6.425000
64	-0.091000	-0.409000	-1.770000	1.985000	0.709000	6.277000	3.514000	1.768000	1.507000	0.255000	-0.461000	2.536000	0.000000	0.288000	1.487000	1.167000	19.235000	7.603000	4.469000	16.093000
65	1.204000	0.496000	0.230000	1.099000	0.885000	6.767000	0.000000	1.358000	0.950000	0.521000	-1.292000	-0.669000	0.309000	0.209000	2.306000	1.499000	0.609000	1.823000	1.058000	1.565000
66	4.467000	2.994000	2.107000	2.835000	1.311000	5.670000	5.552000	3.455000	4.311000	3.578000	0.000000	2.735000	5.268000	3.314000	6.073000	4.991000	11.630000	18.406000	11.058000	8.401000
67	-0.177000	-1.738000	-0.798000	0.000000	0.295000	3.427000	11.864000	-0.324000	-1.116000	-0.825000	-1.009000	5.787000	0.845000	2.533000	2.228000	0.208000	21.863000	21.323000	19.349000	19.746000
68	4.294000	3.124000	0.000000	3.559000	2.492000	3.962000	5.226000	2.269000	3.804000	2.660000	0.347000	1.165000	5.268000	1.912000	5.508000	2.607000	23.252000	13.745000	7.744000	3.295000
69	0.449000	-0.606000	-1.496000	-0.249000	-0.978000	6.074000	-0.715000	0.429000	0.000000	0.027000	-1.475000	-1.335000	-0.506000	-0.822000	-1.043000	-0.737000	-1.399000	-1.567000	-2.128000	-0.709000
70	2.114000	0.000000	6.619000	1.272000	4.623000	3.992000	22.072000	0.926000	1.440000	0.655000	6.283000	13.430000	9.664000	9.739000	7.310000	6.183000	44.571000	22.026000	18.075000	58.618000
71	2.891000	1.651000	0.057000	0.990000	1.112000	4.416000	1.441000	1.626000	2.654000	1.760000	0.072000	0.661000	1.980000	0.072000	2.923000	1.264000	0.471000	0.380000	0.000000	1.460000
72	3.234000	2.539000	5.324000	4.313000	4.815000	10.672000	4.482000	4.433000	3.566000	3.343000	3.404000	3.955000	2.859000	4.576000	0.000000	2.548000	11.371000	12.189000	12.694000	9.078000
73	-1.366000	0.840000	0.880000	2.383000	2.552000	7.567000	1.300000	1.006000	0.878000	0.614000	0.999000	0.792000	0.000000	0.125000	-0.010000	-0.102000	2.447000	1.328000	0.894000	0.484000
74	-0.470000	0.077000	0.126000	1.276000	2.718000	3.405000	0.000000	-0.047000	-0.331000	-0.249000	0.237000	-0.092000	-0.141000	-0.052000	-0.129000	-0.233000	0.145000	0.039000	-0.072000	-0.167000
75	-0.008000	-0.053000	-0.266000	-0.381000	-0.356000	2.234000	0.000000	-0.194000	-0.168000	-0.178000	-0.263000	-1.085000	0.241000	-0.272000	0.387000	-0.366000	0.463000	0.128000	0.057000	-0.224000
76	-0.957000	0.094000	-0.478000	1.582000	1.572000	4.310000	0.313000	1.773000	0.386000	0.026000	0.833000	-0.342000	0.172000	0.178000	0.547000	0.000000	1.292000	-0.073000	-0.214000	0.084000
77	0.910000	0.561000	-0.331000	-0.425000	-0.100000	4.193000	0.707000	-0.262000	0.863000	-0.523000	0.432000	0.000000	1.070000	0.201000	2.208000	0.331000	3.053000	4.820000	3.509000	1.262000
78	3.297000	2.652000	-0.582000	0.818000	0.732000	4.110000	1.461000	2.834000	3.248000	2.343000	-0.082000	1.482000	3.194000	1.462000	4.603000	2.971000	0.017000	0.000000	-0.791000	1.536000
79	3.605000	2.129000	0.000000	1.114000	0.821000	5.137000	1.809000	2.551000	2.720000	1.717000	0.420000	0.922000	2.395000	1.371000	2.738000	2.176000	1.375000	1.180000	0.502000	1.385000
80	0.852000	0.591000	-0.241000	0.303000	-0.128000	-0.722000	0.515000	0.603000	0.693000	0.456000	-0.463000	0.434000	0.000000	0.419000	0.025000	0.621000	0.780000	0.887000	0.260000	0.948000
90	0.251000	0.165000	0.115000	0.207000	0.061000	0.204000	-0.097000	-0.179000	-0.105000	-0.084000	-0.270000	0.000000	-0.024000	0.047000	-0.572000	0.167000	0.031000	0.138000	0.131000	0.203000
91	-0.765000	-0.111000	1.070000	1.650000	1.451000	2.439000	0.741000	3.502000	0.362000	-0.294000	-0.796000	0.000000	1.723000	1.262000	1.999000	-0.182000	1.588000	0.793000	1.341000	0.752000
92	0.575000	-0.393000	0.072000	-1.062000	-1.036000	-1.549000	1.164000	0.000000	0.413000	-0.451000	-0.967000	0.847000	0.388000	0.523000	1.406000	1.036000	4.830000	8.902000	7.244000	5.158000
93	0.000000	5.106000	5.347000	10.569000	11.401000	5.694000	5.974000	10.385000	5.685000	5.339000	4.562000	6.351000	6.659000	6.080000	5.913000	5.522000	5.798000	6.410000	6.292000	5.456000
94	0.000000	2.304000	3.928000	5.218000	6.449000	5.820000	5.311000	4.224000	3.125000	3.055000	2.281000	4.501000	4.145000	2.943000	4.229000	3.277000	9.704000	8.158000	8.233000	5.122000
95	1.725000	0.664000	-0.318000	-0.420000	-0.613000	0.000000	0.674000	-0.006000	0.818000	0.462000	-0.599000	0.247000	-0.153000	0.106000	1.231000	1.169000	0.770000	-0.285000	-0.520000	0.955000
96	6.104000	4.490000	0.430000	0.979000	0.000000	8.249000	5.742000	3.477000	5.556000	3.562000	0.982000	5.083000	5.636000	4.762000	5.552000	4.311000	14.350000	8.998000	6.184000	6.693000
97	4.758000	3.652000	1.106000	2.149000	1.652000	3.663000	4.040000	3.532000	4.119000	2.923000	0.363000	3.069000	4.246000	2.870000	3.734000	2.036000	1.969000	0.000000	-0.720000	1.907000
98	3.546000	2.418000	1.378000	0.750000	0.471000	2.731000	0.000000	2.064000	2.460000	1.975000	1.059000	1.081000	2.714000	2.185000	3.777000	2.601000	2.110000	-0.093000	0.457000	3.862000
99	1.856000	0.662000	-0.370000	-0.070000	-0.429000	3.965000	0.000000	1.038000	1.530000	0.319000	-0.556000	-0.319000	1.087000	0.306000	2.770000	1.164000	1.380000	-0.270000	-0.694000	1.468000
100	0.567000	0.196000	-0.118000	0.000000	-0.465000	2.726000	-0.686000	-0.096000	-0.213000	-0.125000	-0.434000	-0.311000	0.155000	-0.622000	0.739000	-0.083000	0.324000	-0.108000	-0.039000	0.366000
101	-0.428000	0.466000	0.008000	0.885000	1.182000	-0.687000	0.092000	0.291000	0.640000	0.207000	0.010000	0.051000	0.163000	0.203000	0.000000	0.046000	-0.107000	0.062000	0.053000	0.269000
102	0.000000	2.713000	2.965000	3.786000	3.613000	5.449000	2.890000	3.722000	2.977000	2.869000	2.954000	2.878000	2.977000	2.865000	3.025000	3.006000	3.151000	2.910000	2.852000	3.142000
103	1.086000	0.986000	1.112000	0.862000	0.885000	4.145000	0.556000	0.791000	0.733000	0.875000	0.803000	0.000000	1.502000	1.274000	1.844000	1.464000	1.199000	0.935000	0.862000	1.295000
104	4.489000	3.249000	1.421000	2.018000	1.229000	2.412000	4.699000	3.416000	4.484000	3.011000	0.982000	4.042000	4.455000	3.980000	4.931000	4.262000	0.000000	1.473000	0.338000	3.664000
105	0.856000	0.626000	0.171000	0.244000	-0.281000	2.663000	0.000000	0.117000	0.711000	0.708000	-0.440000	-0.297000	0.648000	0.163000	0.958000	0.877000	0.066000	0.053000	-0.052000	0.910000
106	0.544000	0.241000	-1.624000	0.487000	-0.548000	-0.883000	0.000000	0.136000	0.724000	1.300000	-1.424000	-0.329000	-0.470000	-0.348000	-1.219000	-0.614000	1.534000	1.342000	0.631000	0.906000
107	1.800000	1.052000	0.135000	0.253000	0.355000	6.803000	1.545000	1.139000	1.944000	0.936000	0.685000	1.122000	0.000000	0.482000	0.618000	1.733000	2.535000	0.978000	1.181000	1.085000
108	1.227000	0.992000	0.000000	1.597000	0.897000	1.756000	0.828000	0.858000	1.162000	0.691000	-0.342000	0.333000	0.773000	0.815000	0.854000	0.642000	0.385000	-0.188000	-0.450000	0.771000
109	3.474000	2.495000	1.446000	1.035000	0.000000	3.352000	1.756000	1.914000	2.379000	2.082000	1.088000	1.209000	2.929000	1.768000	3.201000	2.103000	2.241000	1.800000	2.302000	3.226000
110	1.176000	0.866000	0.000000	0.182000	-0.383000	1.995000	0.280000	0.485000	1.017000	0.760000	0.079000	0.474000	0.598000	0.591000	0.794000	0.966000	0.021000	-0.140000	-0.305000	0.563000
111	3.872000	3.089000	1.041000	1.898000	1.703000	1.785000	2.371000	3.821000	3.778000	2.907000	1.029000	2.055000	3.031000	2.501000	3.834000	3.183000	1.628000	0.000000	2.079000	4.388000
112	3.199000	3.758000	4.117000	4.587000	4.148000	1.925000	4.923000	4.391000	3.185000	4.012000	4.185000	4.632000	1.777000	4.258000	0.000000	3.221000	4.415000	4.090000	3.942000	3.713000
113	0.810000	-0.097000	-0.435000	0.146000	-0.127000	-0.767000	0.711000	0.722000	-0.184000	0.461000	-0.520000	0.000000	-0.168000	0.271000	0.174000	1.177000	0.873000	0.305000	0.076000	1.596000
114	1.331000	0.975000	0.402000	1.310000	0.912000	1.067000	0.573000	0.384000	0.820000	1.367000	0.493000	0.425000	0.000000	-0.209000	0.017000	0.432000	0.752000	0.905000	0.961000	1.757000
115	1.168000	0.109000	-0.819000	0.172000	-0.321000	2.962000	-0.811000	0.467000	0.775000	0.549000	-1.029000	-0.767000	0.000000	-0.375000	1.050000	0.938000	-0.004000	-1.643000	-1.178000	-0.596000
116	4.482000	2.899000	-0.710000	0.739000	0.000000	5.729000	8.446000	1.984000	3.696000	3.132000	0.414000	5.172000	4.886000	3.814000	5.221000	3.861000	11.271000	6.218000	4.035000	4.040000
117	1.493000	0.323000	-1.335000	0.613000	0.123000	6.461000	0.000000	1.847000	1.812000	0.953000	-1.521000	-0.253000	1.071000	0.007000	2.874000	1.987000	2.713000	1.868000	1.717000	53.050000
118	0.219000	0.107000	-0.200000	1.300000	0.774000	7.577000	0.000000	1.654000	1.009000	1.122000	-0.454000	-0.148000	0.306000	0.050000	0.639000	0.849000	-0.251000	-0.500000	-0.154000	0.675000
119	2.590000	1.072000	-0.782000	0.808000	0.000000	4.574000	1.054000	1.416000	1.591000	1.469000	-0.511000	0.578000	2.197000	1.519000	3.036000	0.016000	0.491000	-0.412000	-0.849000	1.853000
120	4.257000	2.545000	-0.288000	0.000000	2.119000	7.350000	4.357000	2.780000	3.683000	2.806000	-0.419000	3.762000	3.883000	3.209000	4.140000	3.485000	0.000000	-0.010000	-1.119000	2.452000
121	1.533000	0.681000	-0.156000	1.371000	0.647000	4.968000	0.000000	1.280000	1.800000	1.364000	0.093000	-0.282000	0.570000	0.752000	2.176000	1.653000	-0.395000	-0.978000	-0.074000	1.396000
122	0.760000	-0.078000	-0.636000	0.195000	-0.548000	3.335000	-0.245000	0.823000	0.087000	0.528000	-0.544000	-0.441000	0.150000	0.000000	0.864000	0.494000	-0.546000	0.023000	-0.170000	0.628000
123	-0.153000	0.000000	2.490000	3.822000	6.868000	2.003000	2.743000	2.147000	1.320000	0.451000	-0.839000	1.399000	2.273000	1.491000	4.345000	4.511000	16.266000	22.082000	16.110000	33.154000
124	0.673000	0.480000	-1.005000	0.720000	1.255000	6.342000	1.975000	1.642000	1.503000	0.705000	0.401000	1.604000	2.758000	1.827000	3.097000	0.000000	5.041000	0.167000	0.123000	1.470000
125	-1.063000	0.834000	0.187000	3.216000	3.282000	2.981000	0.490000	1.310000	0.802000	0.739000	0.719000	-0.012000	1.032000	0.699000	0.355000	0.000000	0.600000	0.208000	0.395000	0.184000
126	0.000000	3.217000	2.652000	4.833000	4.240000	7.655000	3.059000	5.139000	3.624000	3.332000	2.134000	2.894000	3.345000	3.224000	2.789000	3.484000	2.127000	2.776000	2.721000	3.256000
127	0.421000	-0.221000	-0.246000	0.411000	0.180000	3.855000	-0.199000	0.219000	-0.136000	-0.074000	-0.402000	-0.230000	-0.083000	-0.362000	0.000000	-0.262000	-0.134000	-0.149000	-0.202000	0.149000
128	1.204000	0.827000	-0.578000	0.323000	0.106000	0.823000	0.738000	0.342000	0.956000	0.512000	-0.828000	0.401000	-0.021000	0.364000	0.000000	0.634000	-0.283000	0.108000	0.081000	0.437000
129	-0.434000	0.000000	1.429000	7.033000	9.767000	5.923000	9.162000	6.743000	0.939000	0.391000	-0.662000	3.004000	3.622000	3.264000	1.809000	1.680000	11.601000	12.001000	11.525000	11.718000
130	0.081000	0.471000	0.745000	1.029000	0.801000	1.026000	0.943000	0.000000	-0.165000	1.026000	0.527000	0.810000	0.234000	0.614000	-0.891000	0.381000	0.196000	0.227000	0.093000	1.310000
131	0.692000	0.000000	-1.706000	-0.437000	-1.296000	0.075000	-0.939000	-0.083000	0.424000	0.049000	-1.833000	-0.750000	-0.879000	-0.787000	-0.376000	0.190000	-0.541000	-1.323000	-1.029000	0.206000
132	0.000000	1.401000	6.731000	7.564000	9.716000	3.955000	9.660000	8.275000	3.790000	4.315000	6.442000	10.054000	9.942000	7.939000	9.103000	7.647000	23.454000	18.062000	17.988000	41.906000
133	4.307000	3.199000	0.000000	3.334000	1.869000	7.020000	4.531000	3.509000	3.425000	3.299000	0.191000	2.729000	4.101000	2.934000	4.772000	4.262000	19.495000	3.153000	3.155000	3.463000
134	1.870000	-0.070000	-1.297000	-0.423000	-1.070000	2.372000	0.685000	0.000000	0.445000	0.380000	-0.857000	0.306000	0.085000	0.510000	1.254000	0.387000	0.854000	-0.755000	-1.014000	1.104000
135	0.761000	-0.575000	-2.343000	-0.635000	-1.123000	4.542000	1.345000	-0.307000	0.732000	-0.330000	-3.091000	0.767000	1.295000	-0.131000	0.926000	0.473000	1.020000	4.413000	-1.147000	0.000000
136	3.990000	2.492000	-0.033000	1.455000	0.493000	2.855000	5.975000	2.030000	2.976000	2.342000	0.000000	2.435000	4.656000	1.869000	5.196000	3.129000	7.573000	9.525000	4.741000	7.364000
137	4.099000	2.544000	0.200000	1.273000	1.730000	6.973000	3.711000	2.708000	3.270000	2.414000	0.000000	2.146000	4.038000	1.418000	4.603000	2.788000	8.699000	12.958000	7.489000	10.346000
138	4.142000	2.630000	0.352000	1.062000	0.000000	4.921000	5.038000	1.649000	3.171000	2.749000	0.905000	3.989000	3.967000	3.589000	4.767000	3.291000	4.767000	5.960000	6.372000	4.402000
139	4.974000	3.762000	1.514000	4.587000	5.763000	10.878000	2.695000	5.887000	4.717000	4.316000	1.639000	3.566000	7.009000	4.342000	7.596000	4.309000	0.000000	1.641000	0.306000	2.674000
140	2.507000	1.495000	-0.547000	1.104000	-0.094000	5.320000	0.951000	1.320000	1.807000	1.938000	-0.630000	0.019000	2.407000	1.122000	2.853000	2.383000	1.158000	0.333000	-1.090000	0.000000
141	0.579000	-1.144000	1.183000	0.203000	-0.105000	2.235000	-0.184000	0.556000	0.000000	0.546000	0.412000	1.497000	4.891000	1.761000	2.037000	0.335000	15.140000	18.021000	10.686000	26.523000
142	0.996000	-0.220000	0.049000	2.746000	2.537000	4.913000	2.766000	4.083000	1.051000	0.806000	0.000000	0.996000	-0.220000	0.049000	2.746000	2.537000	4.913000	2.766000	4.083000	1.051000
143	5.460000	3.689000	0.000000	2.051000	3.645000	8.595000	4.734000	3.390000	4.709000	4.026000	0.442000	3.869000	4.445000	3.702000	5.080000	4.066000	2.368000	2.166000	-0.026000	6.236000
144	0.845000	-0.337000	-1.455000	0.384000	0.151000	1.538000	-0.569000	0.101000	1.168000	0.122000	-1.320000	-1.599000	-1.717000	-0.245000	1.202000	0.000000	-1.520000	-1.448000	-1.882000	0.472000
145	0.505000	0.000000	-0.097000	1.343000	1.887000	4.907000	7.272000	2.078000	0.126000	0.506000	-0.865000	2.902000	0.998000	1.300000	0.000000	0.769000	15.384000	15.324000	11.128000	33.650000
146	1.677000	0.000000	4.702000	-0.547000	1.177000	1.739000	7.829000	0.851000	0.996000	-0.521000	2.377000	4.895000	6.265000	5.119000	4.243000	2.266000	21.930000	17.618000	15.870000	32.673000
147	1.685000	0.813000	-1.776000	-1.494000	-1.551000	4.471000	0.928000	0.000000	0.296000	0.383000	-2.191000	2.342000	1.329000	1.148000	1.587000	1.351000	9.908000	5.534000	5.378000	3.814000
148	3.206000	1.974000	0.430000	0.334000	1.781000	7.090000	-0.305000	2.041000	2.763000	1.666000	0.753000	0.727000	2.677000	1.561000	3.757000	2.430000	0.905000	0.000000	0.407000	1.632000
149	0.600000	-0.105000	0.369000	1.049000	0.927000	4.146000	-0.847000	1.029000	-0.035000	-0.298000	-0.668000	-0.541000	2.634000	0.000000	1.793000	-0.339000	7.460000	11.011000	9.437000	23.352000
150	-0.163000	-0.052000	-1.606000	-1.469000	-1.133000	-1.174000	0.000000	-0.304000	-0.203000	-0.171000	-1.495000	-1.416000	1.226000	-0.784000	-0.417000	-1.160000	0.653000	-0.196000	-2.079000	-1.093000
151	-0.033000	-1.192000	-1.664000	-1.754000	-2.035000	-0.706000	-2.043000	0.000000	-0.191000	-0.624000	-2.016000	-1.899000	-1.152000	-0.876000	0.150000	-0.453000	-0.637000	-1.563000	-0.204000	0.981000
152	0.771000	0.561000	0.224000	1.134000	0.736000	-0.379000	0.000000	1.629000	0.982000	1.156000	0.348000	0.447000	0.097000	0.139000	0.470000	0.682000	1.880000	0.664000	0.589000	1.720000
153	1.277000	0.000000	-0.797000	0.381000	0.270000	0.379000	0.980000	-0.718000	0.202000	0.647000	-0.950000	0.654000	-0.808000	0.528000	0.508000	0.427000	1.010000	2.179000	2.612000	1.034000
154	3.698000	2.024000	0.000000	3.090000	2.772000	4.844000	7.502000	3.315000	3.521000	2.686000	0.169000	5.053000	4.620000	2.957000	4.635000	3.649000	22.651000	9.021000	9.416000	5.453000
155	0.606000	-0.103000	-0.934000	0.000000	-0.787000	2.455000	-1.326000	-0.050000	0.416000	0.180000	-1.160000	-0.640000	-0.375000	-0.770000	0.570000	0.422000	0.030000	0.214000	-0.123000	0.478000
156	1.288000	0.521000	0.348000	1.686000	1.355000	2.941000	0.000000	1.653000	0.891000	1.082000	0.354000	0.258000	0.461000	0.724000	1.095000	0.443000	0.255000	0.334000	0.215000	0.547000
157	3.026000	2.916000	1.551000	2.730000	2.479000	7.643000	2.940000	0.000000	1.258000	3.122000	3.517000	4.552000	4.392000	4.431000	4.693000	4.168000	4.040000	23.383000	2.647000	2.862000
158	0.000000	3.966000	4.244000	6.592000	7.539000	9.836000	3.963000	7.485000	4.144000	4.111000	4.400000	3.797000	4.048000	4.166000	4.122000	3.811000	4.666000	4.209000	4.131000	4.211000
159	4.304000	3.915000	0.595000	4.514000	3.906000	8.567000	7.590000	7.611000	4.534000	4.029000	0.000000	4.412000	5.250000	3.007000	5.196000	4.248000	18.545000	13.142000	5.187000	4.565000
160	0.997000	-0.115000	-1.306000	-0.507000	-0.787000	0.186000	0.085000	0.076000	0.395000	0.134000	-0.968000	-0.585000	0.127000	-0.163000	0.000000	-0.889000	-0.511000	-0.104000	-0.754000	0.694000
161	2.222000	1.672000	1.265000	1.764000	1.393000	0.000000	1.479000	1.893000	2.154000	2.098000	0.956000	1.329000	1.466000	1.424000	2.250000	2.286000	2.011000	1.700000	1.664000	2.660000
162	1.095000	0.763000	0.392000	0.635000	0.245000	1.000000	0.000000	1.165000	0.801000	0.717000	-0.158000	-0.065000	0.398000	-0.069000	0.723000	0.843000	0.303000	0.380000	0.228000	0.840000
163	2.555000	1.975000	-0.547000	2.920000	2.647000	7.662000	7.042000	3.947000	3.073000	2.012000	0.000000	3.283000	3.431000	3.294000	4.111000	2.730000	11.485000	2.881000	0.928000	4.046000
164	0.713000	-0.037000	-2.184000	-0.675000	-1.632000	7.025000	-0.650000	1.164000	1.081000	0.000000	-2.111000	0.297000	1.151000	-0.053000	1.693000	1.079000	1.382000	0.884000	2.038000	-0.862000
165	-0.141000	-0.385000	-1.374000	-0.803000	-1.292000	-0.212000	-0.800000	0.185000	0.000000	-0.257000	-1.693000	-0.837000	-0.260000	-0.851000	0.106000	0.015000	2.106000	3.848000	2.412000	1.782000
166	2.710000	1.894000	0.000000	2.149000	3.641000	6.346000	0.731000	1.218000	1.973000	2.088000	0.775000	1.838000	2.025000	2.369000	1.653000	2.376000	10.904000	19.876000	9.792000	5.021000
167	1.761000	1.877000	0.052000	2.855000	2.387000	2.984000	3.730000	1.785000	2.898000	1.409000	0.000000	2.463000	1.417000	1.928000	2.430000	2.269000	9.428000	8.390000	1.045000	4.943000
168	2.065000	0.699000	0.015000	0.526000	0.044000	0.385000	2.751000	1.405000	1.330000	0.979000	0.110000	0.981000	2.177000	0.000000	3.922000	2.590000	4.290000	5.631000	2.020000	1.367000
169	0.000000	5.612000	11.740000	14.850000	13.645000	16.264000	20.782000	13.985000	8.692000	8.088000	9.865000	14.411000	13.327000	10.957000	9.231000	9.173000	40.267000	31.657000	28.218000	46.353000
170	-1.440000	-0.685000	0.700000	0.447000	-0.503000	2.350000	2.248000	1.656000	0.000000	0.148000	-0.255000	-0.723000	2.161000	0.539000	0.734000	-0.031000	9.640000	4.725000	5.043000	4.572000
171	-0.203000	-0.349000	-0.536000	-1.895000	-1.038000	-0.918000	0.678000	0.000000	-0.445000	-1.806000	-3.177000	-2.208000	0.809000	-1.046000	-0.055000	-0.031000	6.924000	0.594000	-1.450000	1.029000
172	3.323000	2.396000	0.000000	2.998000	2.406000	6.995000	4.733000	2.033000	2.667000	1.900000	0.061000	2.475000	4.699000	2.448000	4.636000	2.991000	8.813000	8.928000	6.414000	8.243000
173	3.260000	2.170000	3.042000	1.567000	4.409000	0.000000	6.750000	3.694000	3.138000	2.671000	4.930000	6.495000	3.845000	5.212000	5.942000	4.818000	26.226000	23.786000	22.939000	22.704000
174	0.086000	-0.190000	0.138000	0.428000	0.435000	-2.013000	0.000000	0.300000	0.249000	-0.097000	0.325000	0.060000	-0.200000	0.151000	0.225000	0.395000	0.110000	0.173000	0.166000	0.464000
175	-2.546000	-0.538000	-0.455000	2.243000	2.084000	5.763000	0.000000	1.337000	-0.351000	-0.032000	-0.166000	-0.399000	0.161000	-0.138000	-0.251000	-0.395000	-0.199000	-0.666000	0.075000	0.470000
176	0.983000	-0.352000	0.298000	-1.487000	0.415000	2.615000	10.497000	-1.320000	0.000000	-0.625000	0.866000	7.662000	1.525000	3.431000	0.788000	0.535000	11.011000	7.496000	3.578000	19.780000
177	0.000000	1.419000	0.235000	1.598000	0.953000	-1.152000	1.710000	2.130000	0.240000	0.986000	0.152000	1.637000	0.372000	0.517000	0.775000	0.103000	2.015000	2.066000	2.300000	2.424000
178	0.067000	0.000000	-0.339000	0.346000	0.212000	-0.673000	0.087000	0.269000	-0.072000	-0.069000	-0.538000	-0.158000	-0.308000	-0.120000	-0.309000	-0.099000	-0.966000	-0.146000	-0.352000	-0.036000
179	-0.019000	0.000000	-0.866000	-0.244000	-0.755000	0.531000	0.158000	-0.217000	0.218000	0.082000	-1.752000	-0.292000	-0.676000	-0.174000	-0.501000	0.145000	-0.460000	-0.350000	-0.434000	0.070000
180	0.000000	-1.557000	3.884000	1.455000	2.732000	-1.305000	11.735000	1.352000	-0.486000	1.059000	3.425000	1.899000	4.511000	5.485000	4.276000	2.877000	15.954000	11.129000	4.880000	2.776000
181	0.947000	0.000000	-0.755000	1.313000	0.677000	1.898000	1.239000	1.745000	1.656000	0.811000	-0.729000	0.681000	0.898000	1.031000	0.488000	1.011000	0.724000	-0.134000	0.422000	1.288000
182	-0.013000	0.000000	-0.315000	1.294000	2.346000	5.654000	0.444000	2.149000	0.595000	0.532000	-0.217000	0.127000	-0.166000	0.234000	0.057000	0.391000	0.250000	0.428000	0.025000	0.647000
183	1.119000	0.203000	-0.682000	0.000000	0.381000	2.395000	3.776000	0.221000	1.011000	0.308000	-0.429000	-0.207000	1.162000	1.796000	2.117000	1.101000	11.603000	4.029000	2.612000	4.596000
184	1.089000	-0.332000	-2.336000	-0.515000	-1.135000	4.390000	-1.393000	-0.458000	0.702000	-0.054000	-2.253000	0.000000	0.879000	0.189000	1.859000	0.118000	2.243000	5.339000	5.570000	3.215000
185	0.000000	3.476000	8.573000	11.425000	13.937000	14.712000	9.716000	10.692000	3.802000	3.254000	3.910000	7.174000	4.032000	5.490000	-0.286000	3.823000	10.454000	10.719000	6.707000	7.388000
186	3.563000	1.939000	1.014000	0.000000	-0.709000	-0.543000	3.648000	2.053000	3.417000	1.983000	0.517000	3.084000	1.351000	1.511000	3.315000	1.819000	0.360000	7.549000	1.119000	1.766000
187	0.000000	0.261000	2.269000	5.450000	6.841000	11.123000	18.540000	4.459000	1.182000	0.316000	4.897000	7.233000	8.410000	7.698000	4.597000	4.516000	14.800000	12.989000	6.390000	45.523000
188	2.037000	0.764000	3.576000	1.352000	4.765000	4.321000	2.408000	0.000000	1.484000	1.576000	0.345000	3.793000	0.607000	1.036000	0.875000	2.280000	4.448000	7.349000	5.610000	12.059000
189	4.091000	2.429000	-0.183000	1.492000	0.460000	5.765000	4.601000	2.069000	3.444000	2.519000	0.000000	2.762000	3.074000	2.202000	3.861000	2.776000	1.572000	4.539000	2.079000	3.147000
190	3.520000	1.713000	1.960000	0.000000	-0.388000	5.475000	12.496000	1.624000	3.269000	1.804000	0.935000	4.785000	4.970000	3.935000	4.657000	3.204000	20.338000	8.033000	4.236000	3.695000
191	3.302000	1.887000	-0.216000	2.817000	2.155000	10.476000	3.852000	3.110000	3.238000	2.552000	0.000000	3.469000	1.657000	2.105000	2.932000	3.511000	3.410000	5.232000	4.055000	4.359000
192	1.232000	-0.025000	-0.860000	0.489000	-0.327000	3.607000	1.137000	1.140000	0.397000	0.854000	-0.939000	1.055000	0.000000	-0.099000	0.667000	0.117000	-0.170000	0.261000	0.078000	0.368000
193	4.455000	2.843000	0.000000	3.715000	2.037000	6.130000	7.706000	4.790000	3.757000	3.074000	0.415000	4.598000	4.785000	3.390000	5.285000	2.737000	20.602000	8.101000	11.856000	10.503000
194	4.427000	2.893000	-0.206000	0.878000	0.000000	6.290000	7.731000	2.852000	3.659000	2.714000	1.717000	4.160000	5.020000	3.346000	4.781000	3.258000	25.765000	24.288000	14.449000	10.696000
195	1.539000	1.663000	0.636000	1.880000	1.857000	5.510000	0.000000	1.417000	1.022000	1.643000	0.774000	1.513000	1.978000	1.491000	2.729000	1.408000	1.386000	2.248000	0.975000	2.500000
196	1.674000	0.966000	-0.649000	0.495000	-0.025000	7.172000	-0.269000	0.452000	0.623000	0.689000	0.000000	-0.216000	0.880000	0.164000	1.243000	0.270000	-0.940000	-0.794000	-0.876000	0.062000
197	2.711000	2.578000	0.300000	1.146000	0.000000	0.980000	2.725000	2.603000	3.532000	2.545000	0.321000	2.457000	3.228000	2.446000	4.340000	3.574000	0.053000	1.065000	0.478000	3.156000
198	1.696000	0.747000	-0.409000	0.551000	0.224000	4.381000	0.204000	0.136000	1.335000	0.870000	-0.595000	0.000000	0.414000	0.291000	1.143000	1.227000	1.115000	0.981000	0.637000	1.548000
199	0.926000	0.427000	0.349000	2.037000	2.063000	5.312000	0.000000	0.982000	0.118000	0.985000	0.316000	0.305000	0.641000	-0.043000	0.915000	0.116000	0.857000	0.705000	0.698000	0.563000
200	0.000000	0.014000	-0.959000	-0.099000	-0.441000	-0.074000	-0.726000	0.227000	0.008000	-0.054000	-1.723000	-0.631000	-0.324000	-0.710000	-0.204000	-0.178000	-1.328000	-0.855000	-1.809000	0.020000
201	-0.857000	-0.115000	-0.690000	0.015000	0.000000	1.941000	-1.427000	-0.017000	-1.234000	-0.805000	-1.192000	-1.709000	-0.698000	-1.182000	-0.717000	-1.280000	-1.845000	-0.778000	-0.789000	-0.671000
213	-0.044000	-0.066000	-0.423000	-0.068000	-0.290000	-0.026000	0.000000	-0.072000	-0.012000	-0.190000	-0.611000	-0.250000	-0.599000	-0.395000	-0.397000	-0.144000	-0.972000	-0.603000	-0.648000	-0.195000
214	-0.472000	0.029000	-0.899000	0.170000	-0.181000	0.388000	0.000000	-0.339000	-0.516000	-0.215000	-0.752000	-0.184000	-0.534000	-0.237000	-0.816000	-0.809000	-0.460000	-0.701000	-0.872000	0.036000
215	0.300000	-0.305000	-1.167000	-0.061000	-0.672000	-0.549000	-0.793000	0.000000	0.037000	-0.023000	-1.669000	-0.723000	-0.675000	-0.738000	-0.062000	0.016000	-1.140000	-0.205000	-0.779000	0.083000
216	0.815000	0.783000	0.291000	0.810000	0.460000	1.074000	0.000000	1.087000	1.078000	1.126000	0.510000	0.428000	0.727000	0.643000	1.059000	0.833000	0.208000	0.161000	0.356000	1.316000
217	1.267000	0.549000	0.188000	0.661000	0.000000	0.416000	0.303000	0.855000	1.496000	1.276000	0.369000	0.311000	0.659000	0.711000	1.049000	1.308000	0.519000	0.142000	0.395000	1.142000
218	1.024000	0.000000	-0.566000	0.457000	-0.130000	4.043000	0.206000	0.071000	0.746000	0.767000	-0.846000	-0.197000	-0.051000	-0.274000	0.554000	0.490000	-1.363000	-0.791000	-1.047000	0.425000
219	1.995000	0.996000	0.824000	2.184000	2.113000	4.935000	0.855000	2.782000	1.457000	1.220000	0.342000	1.165000	2.398000	1.647000	3.071000	1.978000	-0.673000	0.000000	-1.105000	1.637000
220	2.129000	0.961000	-0.540000	0.379000	0.013000	6.511000	1.029000	1.262000	1.833000	1.201000	-0.355000	0.594000	0.000000	0.690000	1.348000	1.311000	0.726000	1.150000	0.402000	2.663000
221	1.094000	0.132000	-0.786000	0.248000	-0.542000	8.153000	0.000000	0.719000	1.077000	0.884000	-0.607000	-0.212000	-0.075000	-0.367000	0.489000	0.432000	-0.771000	-0.377000	-0.595000	0.328000
222	2.857000	1.289000	0.012000	1.939000	2.420000	3.680000	1.073000	3.731000	3.152000	2.242000	0.000000	0.466000	1.950000	1.256000	2.728000	1.376000	-0.372000	0.183000	-0.119000	1.906000
223	1.779000	0.118000	-0.325000	1.723000	1.737000	2.479000	10.669000	2.591000	0.591000	0.000000	-0.368000	5.908000	4.244000	2.729000	3.891000	0.306000	14.060000	9.177000	7.019000	9.256000
224	0.604000	-0.205000	-0.540000	0.093000	-0.366000	4.794000	0.122000	-0.044000	0.047000	0.247000	-0.485000	-0.048000	-0.161000	-0.282000	0.390000	0.000000	-0.345000	0.041000	-0.025000	0.136000
225	2.236000	1.541000	0.091000	0.665000	0.000000	5.008000	1.376000	1.625000	2.229000	1.642000	0.449000	0.967000	1.328000	1.085000	1.750000	1.736000	0.069000	-0.342000	-0.374000	1.515000
226	4.533000	2.968000	0.000000	4.566000	3.755000	10.912000	8.923000	5.474000	4.013000	3.255000	0.415000	5.357000	4.969000	3.152000	4.972000	4.322000	11.283000	12.581000	8.196000	3.747000
227	0.644000	0.369000	-1.165000	2.316000	1.943000	10.761000	0.136000	3.210000	1.632000	1.140000	-0.986000	0.000000	1.984000	0.940000	2.166000	1.532000	1.660000	0.971000	0.836000	2.305000
228	0.000000	-0.240000	-0.723000	0.821000	0.400000	3.224000	-0.202000	-0.391000	-0.887000	-0.041000	-0.542000	-0.388000	-0.258000	-0.315000	0.150000	-0.121000	-0.627000	-0.567000	-0.814000	0.120000
229	2.601000	1.684000	-0.580000	2.718000	2.155000	6.835000	0.829000	1.409000	1.659000	1.071000	-0.643000	0.000000	3.935000	1.736000	4.030000	1.528000	3.392000	2.295000	0.649000	1.827000
230	3.887000	3.942000	1.766000	3.457000	7.422000	3.794000	4.328000	4.204000	4.653000	3.895000	1.201000	1.872000	6.198000	3.587000	6.698000	5.032000	4.843000	1.056000	0.000000	3.639000
231	0.911000	0.818000	0.506000	0.345000	-0.150000	0.791000	-0.429000	1.077000	0.765000	0.450000	-0.060000	-0.332000	0.718000	0.000000	0.745000	0.599000	1.023000	0.921000	0.970000	0.959000
232	0.242000	0.480000	-1.653000	0.056000	-0.110000	3.245000	0.047000	0.000000	-0.274000	0.019000	-0.756000	-0.133000	-0.135000	-0.372000	0.022000	-0.980000	0.028000	-1.609000	-1.967000	-0.334000
233	-0.088000	0.000000	-0.515000	-0.378000	-0.385000	-0.407000	-0.379000	-0.728000	-0.430000	-0.005000	-0.191000	-0.444000	-0.975000	-0.521000	-0.807000	-0.126000	-0.906000	-0.970000	-0.995000	0.117000
234	1.620000	0.000000	2.381000	0.525000	0.051000	-1.597000	2.440000	1.196000	1.283000	0.598000	-0.189000	1.402000	0.466000	-0.289000	2.646000	1.287000	2.245000	1.336000	0.119000	4.194000
235	1.060000	0.072000	-1.603000	1.615000	2.205000	-0.487000	0.437000	-0.004000	0.600000	0.226000	-1.883000	0.293000	0.504000	0.000000	0.832000	-1.828000	5.454000	2.855000	1.335000	3.182000
236	0.988000	0.220000	-0.176000	1.009000	1.640000	3.322000	0.000000	1.891000	0.795000	0.953000	0.267000	-0.988000	1.234000	0.422000	3.127000	0.998000	4.349000	5.423000	4.257000	2.091000
237	-1.738000	-2.437000	-4.042000	-3.005000	-3.664000	0.600000	-3.551000	0.000000	-1.906000	-2.061000	-3.640000	-3.806000	-2.762000	-2.676000	-1.996000	-2.442000	-3.621000	-4.052000	-4.130000	-2.667000
238	3.842000	2.554000	0.291000	2.095000	2.191000	2.502000	2.898000	3.383000	3.696000	3.036000	0.000000	1.893000	4.930000	2.793000	5.455000	2.271000	6.499000	-0.771000	-0.266000	6.832000
239	2.727000	1.056000	1.728000	0.000000	1.002000	4.377000	11.381000	0.962000	1.742000	0.893000	1.161000	6.105000	5.298000	4.201000	4.223000	3.356000	29.028000	28.636000	21.945000	26.011000
240	0.436000	0.216000	-0.127000	0.116000	-0.334000	5.673000	0.057000	0.713000	0.535000	0.661000	-0.062000	-0.131000	0.135000	0.486000	0.000000	-0.390000	0.486000	0.783000	0.279000	1.292000
241	1.124000	0.224000	-0.910000	0.445000	-0.581000	3.127000	-0.106000	0.163000	0.392000	0.815000	-1.176000	-0.433000	0.489000	0.000000	1.357000	0.957000	-0.191000	-0.839000	-0.679000	0.551000
242	2.315000	0.586000	-1.244000	0.000000	-0.788000	6.099000	4.705000	1.106000	1.863000	0.965000	-0.339000	2.436000	2.404000	1.904000	4.501000	1.253000	17.743000	7.489000	5.162000	5.986000
243	1.540000	0.168000	-0.684000	1.615000	2.025000	6.952000	0.000000	2.461000	0.964000	1.616000	-0.470000	0.353000	3.456000	1.202000	5.648000	2.293000	3.453000	1.169000	1.326000	2.336000
244	-0.042000	-0.209000	-1.422000	1.055000	0.834000	9.973000	-0.645000	2.306000	0.373000	0.110000	-1.183000	-1.127000	0.000000	-0.329000	0.639000	0.234000	-0.435000	-0.625000	-0.947000	0.313000
245	0.823000	0.783000	0.459000	0.146000	0.351000	3.228000	0.391000	1.517000	0.000000	0.996000	-0.049000	0.719000	2.039000	0.707000	3.232000	0.898000	0.975000	-1.006000	-1.066000	-0.753000
246	0.278000	0.169000	0.292000	0.675000	0.409000	-0.845000	0.000000	0.379000	0.363000	0.438000	0.330000	0.090000	0.100000	0.303000	-0.077000	0.491000	0.346000	0.088000	-0.045000	0.461000
247	0.118000	0.037000	-0.590000	-0.337000	-0.730000	2.065000	-0.807000	-0.403000	-0.123000	-0.118000	-1.037000	-0.731000	-0.194000	-0.383000	0.177000	0.000000	-0.753000	-0.874000	-1.062000	-0.465000
248	1.824000	1.069000	0.778000	0.868000	0.009000	0.000000	1.527000	1.626000	1.894000	1.231000	0.390000	0.753000	1.479000	1.308000	2.254000	1.623000	0.710000	0.910000	-0.256000	1.322000
249	0.000000	0.332000	1.021000	1.264000	1.685000	4.430000	0.619000	0.240000	-0.875000	0.991000	1.270000	0.810000	-1.622000	0.960000	-2.148000	-0.847000	1.045000	-0.682000	-0.687000	0.471000
250	0.271000	-0.237000	-0.885000	0.118000	-0.562000	-1.745000	-0.341000	0.175000	-0.097000	0.217000	-1.079000	-0.754000	-1.426000	-0.423000	-0.684000	0.000000	-1.289000	-0.505000	-0.613000	-0.042000
251	0.556000	0.000000	0.289000	0.667000	0.372000	0.040000	-0.200000	-0.072000	-0.114000	0.671000	0.205000	-0.006000	-0.512000	-0.317000	0.206000	0.169000	0.577000	0.469000	0.366000	0.738000
252	2.448000	0.730000	-0.581000	0.793000	0.573000	1.632000	0.802000	0.515000	1.322000	1.170000	-0.134000	0.533000	0.000000	1.414000	0.979000	0.265000	4.127000	9.878000	4.727000	6.792000
253	2.446000	1.603000	-0.547000	0.659000	-0.421000	0.416000	-0.092000	1.505000	2.476000	1.893000	-0.535000	0.451000	1.404000	1.452000	2.473000	2.339000	0.549000	0.054000	0.000000	1.777000
254	0.583000	-0.153000	-0.886000	0.051000	-0.730000	1.489000	-0.114000	0.635000	0.185000	0.488000	-1.372000	-0.425000	0.000000	-0.785000	-0.016000	-1.216000	-0.484000	-0.821000	-1.065000	0.320000
255	-0.043000	-1.071000	-2.633000	0.946000	-0.809000	4.354000	-1.864000	0.738000	-0.008000	-0.763000	-3.065000	-2.161000	-0.156000	-0.869000	0.000000	-0.816000	-2.603000	-2.485000	-2.872000	-0.949000
256	5.353000	3.482000	0.000000	4.560000	3.260000	8.733000	6.712000	2.569000	4.649000	3.928000	0.698000	5.191000	5.438000	3.946000	6.048000	4.400000	9.590000	4.193000	2.689000	4.946000
257	2.533000	1.127000	-1.240000	0.505000	0.000000	6.332000	0.341000	1.076000	1.661000	1.524000	-0.555000	0.295000	1.660000	1.566000	2.900000	1.327000	3.328000	2.648000	2.798000	2.246000
258	4.751000	3.537000	2.056000	3.717000	3.197000	10.215000	3.787000	2.645000	3.979000	4.104000	0.973000	3.714000	3.744000	3.157000	4.853000	4.524000	2.660000	1.955000	0.000000	3.571000
259	4.818000	2.956000	0.000000	4.071000	3.071000	7.977000	9.780000	2.979000	3.682000	3.299000	0.433000	4.042000	5.602000	2.931000	5.586000	3.996000	24.377000	10.357000	6.446000	28.298000
260	1.708000	0.000000	1.178000	3.959000	6.499000	8.255000	12.701000	3.593000	2.349000	0.883000	4.193000	8.312000	8.334000	8.490000	3.840000	3.380000	18.204000	14.177000	12.633000	22.393000
261	2.532000	1.157000	0.632000	0.000000	2.532000	1.157000	0.632000	1.479000	0.867000	8.031000	0.000000	2.261000	1.549000	1.857000	0.381000	0.606000	2.222000	0.841000	3.399000	0.453000
262	0.815000	-0.849000	5.418000	0.509000	2.222000	1.357000	7.063000	-0.198000	0.000000	0.911000	1.216000	5.830000	9.663000	4.861000	3.891000	2.318000	7.213000	8.060000	27.726000	37.166000
263	0.906000	0.000000	4.328000	1.933000	3.246000	7.226000	4.409000	3.320000	0.107000	1.684000	1.264000	4.369000	3.837000	5.149000	2.976000	2.631000	9.856000	5.050000	4.315000	30.820000
264	2.067000	1.171000	0.000000	1.502000	0.722000	4.757000	1.854000	0.422000	1.298000	1.010000	-0.202000	0.631000	1.951000	1.630000	2.719000	1.888000	2.357000	2.081000	1.888000	2.821000
265	1.729000	1.138000	0.078000	-0.223000	0.000000	1.210000	-0.787000	0.840000	1.233000	1.129000	0.610000	-0.102000	1.008000	0.612000	2.170000	0.591000	0.104000	0.302000	0.308000	1.044000
266	4.437000	2.816000	0.000000	1.582000	0.683000	3.191000	2.979000	4.184000	4.353000	3.021000	0.974000	2.098000	4.319000	2.974000	4.551000	3.578000	4.317000	4.351000	2.833000	9.522000
267	0.484000	0.222000	0.133000	0.908000	0.838000	-1.347000	0.000000	0.836000	0.222000	0.673000	0.707000	-0.290000	0.505000	0.262000	0.340000	0.302000	0.357000	0.290000	0.214000	0.070000
268	0.000000	1.524000	6.388000	3.364000	5.281000	-0.332000	23.446000	4.927000	3.295000	3.303000	2.919000	16.402000	7.171000	9.649000	4.558000	5.954000	18.759000	20.499000	17.704000	19.415000
269	0.889000	-0.504000	-0.512000	1.417000	1.016000	2.380000	-0.797000	1.546000	0.000000	-0.894000	-0.422000	-0.511000	0.265000	0.827000	0.310000	0.027000	1.818000	0.389000	0.066000	0.407000
270	1.940000	1.338000	0.125000	0.000000	-0.218000	1.035000	1.880000	0.889000	1.581000	1.162000	0.124000	1.359000	0.210000	1.372000	0.910000	1.820000	1.003000	1.381000	1.931000	4.943000
271	0.707000	0.000000	-0.309000	-0.025000	-0.396000	-0.650000	0.392000	0.297000	0.399000	0.374000	-0.096000	0.055000	-0.218000	0.212000	-0.090000	0.176000	0.364000	-0.001000	-0.106000	0.388000
272	0.213000	0.174000	0.057000	0.184000	-0.037000	0.297000	-0.192000	0.416000	-0.347000	-0.066000	-0.043000	0.187000	0.707000	0.060000	0.575000	0.411000	1.106000	0.581000	2.887000	0.000000
273	3.112000	1.082000	-0.567000	0.135000	-0.433000	1.782000	0.338000	1.112000	1.428000	0.634000	-0.739000	0.000000	0.551000	0.628000	1.042000	0.910000	-0.036000	-0.100000	-0.161000	0.767000
274	0.153000	-0.019000	1.520000	0.659000	0.224000	-1.417000	3.100000	0.513000	0.000000	-0.384000	0.280000	1.935000	1.074000	1.240000	2.241000	3.277000	2.833000	4.256000	2.218000	3.997000
275	1.327000	0.065000	2.112000	2.221000	3.320000	3.408000	6.144000	2.046000	0.810000	0.000000	1.050000	5.495000	5.749000	6.311000	4.331000	1.974000	9.889000	6.742000	4.732000	1.634000
276	4.091000	3.223000	0.000000	2.653000	1.905000	2.934000	3.046000	3.406000	3.748000	2.416000	0.243000	2.070000	4.934000	1.437000	5.008000	3.088000	13.867000	5.573000	2.815000	2.053000
277	4.095000	2.757000	2.691000	3.469000	5.029000	0.000000	9.890000	3.694000	2.500000	4.307000	1.730000	5.696000	4.158000	3.675000	6.466000	5.451000	20.235000	11.386000	11.389000	16.916000
278	1.199000	0.000000	0.540000	3.019000	5.478000	6.447000	9.745000	0.638000	0.913000	1.630000	0.578000	6.470000	5.347000	4.824000	3.252000	1.675000	17.700000	11.122000	10.069000	7.614000
279	0.516000	-1.075000	-1.895000	-1.532000	0.158000	1.411000	8.336000	-1.029000	-0.401000	0.000000	-0.218000	4.435000	1.312000	1.206000	1.640000	0.844000	20.391000	14.837000	11.683000	36.856000
280	2.309000	0.585000	-0.350000	0.000000	-1.681000	1.072000	6.717000	0.009000	1.285000	0.890000	0.741000	6.191000	3.006000	4.056000	1.516000	1.599000	12.092000	9.209000	4.813000	2.759000
281	4.822000	3.325000	0.687000	2.077000	1.504000	2.848000	3.412000	2.838000	4.047000	3.327000	1.047000	1.134000	5.039000	2.955000	5.259000	4.435000	4.442000	0.000000	0.238000	3.061000
282	0.000000	1.755000	10.718000	11.536000	13.538000	13.126000	6.544000	8.172000	4.874000	5.075000	3.210000	6.058000	20.104000	18.801000	9.490000	7.891000	14.574000	13.535000	9.561000	35.786000
283	0.410000	0.101000	0.512000	0.137000	-0.448000	4.362000	1.981000	1.543000	0.000000	0.636000	-0.527000	1.179000	1.292000	1.409000	0.618000	1.811000	0.476000	0.868000	0.565000	2.165000
284	1.341000	0.000000	0.789000	2.673000	2.458000	2.929000	2.873000	2.817000	2.391000	1.886000	0.282000	1.686000	2.061000	2.898000	2.888000	3.018000	3.796000	8.239000	6.256000	11.641000
285	1.464000	0.775000	0.126000	0.000000	2.211000	3.526000	0.738000	0.580000	1.537000	1.241000	0.086000	0.141000	3.116000	0.929000	4.091000	0.892000	1.752000	0.778000	0.824000	0.120000
286	0.638000	0.000000	-0.816000	0.280000	-0.235000	3.908000	-0.354000	0.032000	-0.210000	-0.055000	-1.166000	-0.630000	-0.059000	-0.265000	0.427000	0.302000	-0.569000	-0.055000	-0.126000	0.745000
287	0.578000	0.101000	-0.449000	0.376000	0.098000	7.875000	-0.438000	0.254000	0.000000	0.040000	-0.543000	-0.221000	-0.004000	-0.309000	0.348000	-0.073000	0.109000	0.338000	0.293000	0.756000
288	0.000000	3.526000	3.831000	4.971000	5.005000	7.365000	3.010000	4.823000	3.662000	3.717000	3.736000	3.028000	3.820000	3.285000	3.888000	3.729000	3.876000	3.827000	3.850000	3.979000
289	2.542000	1.292000	-0.226000	0.901000	0.172000	2.524000	0.699000	1.462000	1.924000	0.825000	0.038000	0.113000	1.271000	0.848000	1.801000	0.812000	-0.149000	0.000000	-0.322000	0.401000
290	0.683000	0.301000	-0.176000	0.101000	0.219000	-0.214000	-0.725000	-0.486000	-0.300000	-0.161000	-0.169000	-0.552000	0.394000	-0.258000	0.000000	-0.270000	-0.090000	0.018000	-0.240000	-0.300000
291	5.880000	4.530000	3.074000	3.876000	4.380000	2.008000	8.196000	4.535000	5.966000	4.773000	1.832000	5.048000	6.285000	5.582000	6.944000	4.694000	7.071000	2.080000	0.000000	2.752000
292	0.503000	-0.217000	-0.210000	-0.351000	-0.624000	0.320000	-0.558000	0.344000	0.800000	0.447000	-0.551000	-0.734000	0.000000	-0.705000	1.824000	0.851000	2.238000	-0.100000	2.506000	1.497000
293	0.747000	0.472000	0.166000	0.764000	0.528000	0.841000	0.000000	0.361000	0.125000	0.601000	0.476000	0.077000	0.833000	0.385000	0.981000	0.642000	0.638000	0.661000	0.433000	0.871000
294	1.657000	0.607000	0.316000	1.561000	1.264000	3.205000	0.657000	1.502000	1.184000	1.204000	0.160000	0.364000	0.000000	0.287000	0.405000	0.544000	0.905000	0.651000	0.539000	0.859000
295	0.000000	2.859000	1.832000	3.666000	3.596000	6.972000	1.898000	4.787000	3.949000	2.856000	1.853000	2.037000	3.417000	2.778000	4.491000	3.620000	3.273000	2.287000	1.994000	3.556000
296	4.687000	3.733000	0.831000	2.883000	2.794000	8.887000	3.792000	3.812000	4.598000	2.998000	0.337000	3.313000	4.889000	3.957000	5.370000	3.861000	3.117000	0.000000	-1.086000	3.072000
297	0.673000	0.380000	-0.856000	1.568000	1.047000	2.378000	1.227000	-0.255000	0.000000	0.287000	-0.969000	0.686000	0.790000	0.791000	0.605000	0.855000	-0.018000	1.240000	1.612000	2.914000
298	1.949000	1.493000	0.000000	1.300000	0.884000	-0.199000	2.706000	2.016000	1.948000	1.365000	-0.192000	2.129000	0.623000	1.221000	2.084000	1.515000	1.445000	1.379000	1.403000	1.776000
299	-0.320000	-0.238000	-0.817000	0.000000	-0.083000	-0.356000	0.194000	0.371000	-0.281000	-0.106000	-0.889000	-0.073000	-0.774000	-0.553000	-0.379000	-0.104000	-0.457000	-0.576000	-0.834000	0.029000
300	0.000000	2.245000	1.362000	4.608000	4.337000	6.559000	2.180000	3.341000	1.222000	1.995000	1.596000	1.736000	2.545000	2.203000	1.268000	0.399000	1.887000	1.826000	1.604000	2.173000
301	2.422000	1.635000	-0.627000	0.715000	0.000000	0.653000	1.602000	2.212000	2.235000	1.763000	-0.401000	1.006000	2.506000	1.455000	3.145000	2.040000	1.085000	0.864000	0.468000	2.713000
302	1.068000	0.585000	-0.919000	3.736000	4.744000	1.476000	-0.547000	2.358000	1.497000	0.882000	-0.618000	-0.910000	-0.777000	0.523000	0.000000	0.351000	1.299000	0.202000	0.002000	0.573000
303	3.472000	2.455000	3.515000	1.582000	2.336000	0.000000	12.462000	2.395000	3.144000	2.873000	2.980000	4.433000	5.166000	5.964000	3.402000	3.741000	16.080000	12.270000	10.674000	22.452000
304	4.648000	3.642000	2.153000	2.885000	3.166000	3.843000	4.079000	4.187000	5.308000	3.632000	2.205000	3.761000	4.103000	3.635000	3.635000	3.984000	1.473000	0.951000	0.000000	3.679000
305	3.041000	1.864000	0.623000	1.281000	0.696000	5.952000	0.000000	1.985000	2.707000	2.226000	0.380000	0.890000	2.130000	1.144000	2.761000	2.487000	0.594000	1.456000	1.509000	2.386000
306	3.787000	2.412000	0.000000	2.195000	1.238000	5.473000	2.770000	2.095000	1.869000	2.684000	0.509000	1.913000	1.861000	2.226000	1.799000	2.905000	6.511000	14.189000	6.458000	6.749000
307	3.734000	2.658000	0.000000	3.137000	2.515000	5.609000	8.170000	4.125000	3.021000	2.579000	0.275000	3.600000	2.814000	2.469000	4.683000	3.470000	13.186000	7.621000	11.948000	30.503000
308	1.290000	0.004000	-1.356000	-0.891000	-1.240000	5.863000	-0.228000	1.031000	1.561000	0.444000	-1.176000	-0.043000	0.166000	0.000000	1.325000	1.117000	-0.991000	-0.094000	-0.487000	0.947000
309	0.927000	1.520000	1.819000	1.697000	1.792000	3.210000	1.225000	1.895000	1.578000	1.750000	1.006000	1.638000	2.043000	1.509000	1.485000	0.000000	2.911000	2.118000	2.405000	1.116000
310	-1.136000	-1.450000	-1.633000	-0.752000	-1.067000	5.135000	0.228000	0.938000	0.000000	-1.510000	-2.181000	-1.255000	0.755000	-1.235000	1.070000	-1.329000	9.164000	16.302000	8.667000	26.386000
311	1.519000	0.998000	-0.206000	0.612000	0.275000	1.842000	0.032000	0.643000	1.376000	1.084000	0.330000	-0.522000	0.301000	0.000000	0.171000	0.575000	0.636000	0.564000	0.756000	1.036000
312	2.895000	1.683000	-0.538000	0.000000	-1.964000	1.141000	6.154000	1.007000	2.280000	0.957000	-1.795000	2.562000	2.789000	1.576000	2.851000	2.203000	20.148000	11.851000	10.934000	19.811000
313	4.370000	3.514000	1.144000	1.405000	2.070000	3.584000	4.025000	3.498000	4.180000	3.282000	1.541000	2.507000	3.036000	3.187000	4.071000	3.599000	2.051000	0.000000	0.115000	2.889000
314	1.374000	0.867000	-0.240000	-1.103000	-1.470000	5.758000	9.269000	0.424000	0.000000	1.212000	-0.495000	5.248000	4.496000	2.589000	4.230000	3.330000	12.202000	11.206000	5.761000	6.406000
315	5.116000	3.701000	0.000000	1.785000	0.369000	2.436000	7.012000	3.078000	4.193000	3.452000	-0.490000	3.768000	4.182000	2.556000	4.704000	3.360000	11.285000	9.809000	5.902000	4.114000
316	4.352000	2.895000	0.419000	0.749000	0.000000	6.269000	0.566000	2.117000	2.603000	1.919000	0.165000	0.593000	3.647000	2.002000	4.027000	2.894000	6.154000	9.096000	7.074000	4.981000
317	1.730000	1.129000	-0.278000	1.944000	1.484000	-0.348000	0.000000	3.131000	1.555000	1.140000	-0.275000	-0.087000	2.743000	1.462000	3.886000	0.888000	3.508000	1.017000	-0.567000	2.126000
318	1.805000	1.427000	1.132000	2.024000	1.678000	0.000000	1.362000	1.905000	1.678000	1.814000	1.338000	1.418000	1.056000	1.574000	1.751000	2.019000	2.008000	1.413000	1.375000	2.229000
319	-1.044000	0.707000	0.121000	3.084000	2.918000	4.022000	0.310000	1.397000	0.618000	0.397000	0.106000	0.143000	0.132000	0.235000	0.033000	0.000000	-0.114000	-0.062000	-0.059000	0.138000
320	2.231000	1.332000	-0.903000	0.981000	0.818000	1.655000	1.781000	3.108000	1.628000	1.469000	-0.785000	1.204000	0.000000	2.743000	2.131000	1.985000	3.218000	1.891000	0.345000	2.306000
321	1.594000	1.429000	0.890000	0.728000	0.371000	4.798000	1.356000	0.723000	1.671000	1.244000	0.307000	0.946000	-1.682000	0.445000	-2.622000	0.000000	0.921000	0.647000	0.447000	0.502000
322	3.236000	2.165000	1.898000	2.600000	1.419000	0.000000	2.293000	3.358000	3.151000	2.978000	1.838000	1.725000	1.200000	2.628000	1.982000	3.147000	1.959000	2.066000	2.054000	3.057000
323	0.853000	0.000000	-0.515000	0.391000	-0.214000	1.667000	-0.267000	0.585000	0.469000	0.465000	-0.639000	-0.111000	-0.902000	-0.288000	-0.498000	-0.016000	-0.192000	-0.150000	-0.245000	-0.024000
324	1.686000	0.102000	1.552000	0.441000	2.675000	1.827000	1.463000	0.827000	1.305000	0.591000	-0.598000	0.934000	1.000000	1.203000	-0.300000	0.674000	2.080000	1.262000	0.073000	0.000000
325	2.811000	1.218000	-1.623000	-1.008000	-0.325000	1.836000	-0.504000	0.193000	1.918000	1.139000	-1.136000	0.000000	1.601000	-0.189000	1.935000	0.885000	2.810000	3.885000	-0.393000	0.044000
326	0.703000	-0.652000	5.929000	4.777000	7.208000	4.768000	4.596000	2.495000	0.000000	0.821000	2.494000	4.953000	2.579000	2.720000	6.842000	5.651000	13.884000	13.285000	11.258000	19.916000
327	3.597000	1.884000	-0.950000	0.337000	-0.347000	6.793000	2.566000	1.321000	3.637000	2.237000	-0.383000	2.619000	1.622000	0.000000	2.004000	3.208000	5.733000	2.377000	1.799000	1.965000
328	4.635000	2.945000	0.000000	1.354000	0.838000	6.498000	4.145000	3.367000	4.589000	3.223000	0.875000	3.558000	3.804000	3.290000	4.224000	4.193000	6.345000	3.714000	2.670000	6.795000
329	4.543000	2.734000	-0.690000	0.000000	-0.439000	5.386000	5.372000	2.438000	4.290000	2.879000	0.473000	3.098000	4.372000	3.189000	4.527000	3.552000	9.693000	5.483000	2.939000	4.327000
330	3.484000	2.320000	1.896000	2.383000	5.328000	7.871000	3.679000	3.627000	3.756000	3.997000	2.021000	3.731000	3.953000	3.369000	4.639000	4.946000	0.000000	3.090000	2.760000	3.885000
331	4.422000	2.855000	-0.395000	1.676000	0.517000	8.846000	5.692000	3.404000	4.685000	3.112000	0.000000	2.591000	1.561000	0.947000	3.860000	3.513000	10.316000	3.222000	1.984000	22.618000
332	1.856000	0.000000	2.521000	3.669000	5.690000	4.475000	11.374000	1.860000	1.299000	1.581000	2.922000	7.977000	5.328000	4.599000	8.008000	4.875000	22.222000	22.898000	15.641000	37.266000
333	0.881000	-1.015000	-1.315000	-1.221000	-1.052000	3.395000	5.527000	0.348000	0.727000	0.000000	-1.966000	4.255000	1.835000	2.318000	2.228000	0.343000	13.523000	9.379000	7.675000	7.689000
334	1.452000	1.359000	-1.466000	0.040000	0.735000	2.387000	2.233000	1.896000	2.016000	1.370000	-1.359000	1.593000	2.482000	-0.976000	1.644000	0.974000	4.950000	1.541000	1.239000	0.000000
335	-1.648000	0.154000	3.623000	3.012000	4.862000	5.103000	4.693000	4.066000	0.000000	-0.090000	3.995000	3.956000	6.632000	3.154000	0.652000	1.023000	18.022000	9.830000	13.524000	5.383000
336	0.252000	0.000000	-1.133000	-1.023000	-0.659000	5.952000	1.079000	0.566000	0.899000	-0.506000	-1.941000	0.444000	0.088000	-0.430000	0.690000	0.560000	-2.018000	-0.518000	-1.521000	1.059000
337	1.732000	0.000000	5.123000	2.490000	2.529000	-0.189000	10.010000	1.970000	1.846000	1.913000	4.632000	4.268000	5.278000	3.029000	5.191000	5.012000	29.492000	13.743000	11.538000	27.372000
338	2.154000	2.031000	1.100000	2.427000	1.448000	1.781000	1.619000	2.951000	1.839000	2.128000	1.356000	1.749000	2.648000	1.742000	2.743000	2.327000	5.590000	3.567000	0.000000	3.470000
339	1.401000	1.085000	-0.322000	1.665000	1.225000	4.540000	2.559000	1.084000	0.842000	0.844000	-0.829000	1.741000	0.000000	1.041000	0.240000	0.769000	1.652000	1.987000	1.402000	1.093000
340	6.045000	5.707000	5.464000	5.961000	5.662000	6.758000	6.459000	5.574000	5.742000	5.715000	5.237000	6.169000	4.484000	5.298000	0.000000	5.070000	6.187000	5.542000	5.570000	5.968000
341	3.147000	1.833000	0.000000	1.934000	1.473000	4.825000	3.414000	4.524000	2.656000	2.114000	0.126000	2.616000	3.926000	3.091000	4.352000	2.900000	14.541000	8.580000	12.506000	16.922000
342	2.071000	0.683000	0.342000	-0.055000	-0.555000	2.407000	0.000000	1.438000	1.712000	1.331000	-0.461000	0.909000	0.654000	0.958000	1.553000	1.930000	11.123000	6.002000	6.508000	9.049000
343	1.868000	0.615000	-0.545000	0.000000	-0.301000	-0.423000	1.151000	0.677000	1.122000	1.177000	-1.059000	0.756000	0.978000	0.082000	1.231000	0.754000	0.476000	0.499000	0.187000	1.189000
344	0.714000	-0.946000	-2.702000	-0.406000	-1.489000	1.443000	1.546000	-0.886000	0.000000	-0.513000	-2.850000	0.612000	0.517000	0.711000	0.554000	-0.704000	15.389000	11.961000	7.365000	25.569000
345	1.057000	-0.144000	-0.420000	1.559000	1.104000	6.802000	0.703000	-0.351000	0.000000	0.916000	-0.961000	0.071000	0.581000	0.486000	1.774000	1.502000	-0.840000	-0.349000	-0.213000	1.731000
346	3.484000	2.488000	0.361000	3.422000	2.727000	8.076000	2.002000	3.378000	3.886000	2.989000	0.280000	1.486000	2.411000	2.037000	3.836000	3.374000	1.467000	0.633000	0.000000	2.219000
347	3.112000	1.851000	-0.310000	0.607000	0.000000	4.322000	2.388000	1.198000	2.330000	1.803000	0.050000	2.148000	1.874000	1.853000	3.118000	1.872000	3.833000	2.746000	1.639000	2.309000
348	1.729000	0.193000	-0.837000	3.112000	2.547000	8.356000	0.000000	2.547000	0.784000	0.731000	-1.357000	-0.931000	1.577000	0.146000	1.544000	0.736000	1.587000	-0.302000	-0.066000	0.399000
349	0.000000	4.980000	6.313000	8.142000	8.636000	17.889000	6.873000	7.810000	6.275000	6.022000	6.486000	6.507000	6.540000	6.654000	6.977000	6.318000	6.763000	15.564000	15.449000	6.347000
350	0.311000	0.261000	-0.009000	0.032000	-0.121000	2.587000	-0.028000	0.000000	0.082000	0.192000	-0.239000	0.030000	-0.407000	-0.398000	-0.334000	0.292000	-0.628000	-0.191000	-0.279000	0.315000
351	1.606000	1.077000	0.548000	1.278000	0.799000	0.172000	0.275000	1.323000	1.370000	1.388000	0.253000	0.000000	0.656000	0.860000	1.124000	1.406000	0.927000	0.765000	0.250000	1.490000
352	3.147000	2.049000	0.688000	0.000000	0.257000	5.043000	6.251000	1.001000	2.640000	1.868000	0.800000	3.490000	-0.063000	3.439000	0.217000	1.303000	12.669000	8.164000	5.219000	6.475000
353	1.550000	0.828000	-0.469000	0.000000	-0.392000	1.291000	0.877000	1.906000	1.473000	0.535000	-0.309000	0.405000	0.267000	0.518000	1.329000	1.302000	0.526000	0.235000	-0.226000	0.955000
354	3.630000	2.759000	3.546000	3.031000	2.748000	0.000000	5.449000	4.033000	3.513000	3.389000	3.119000	3.726000	3.873000	4.729000	6.335000	5.668000	19.480000	21.530000	18.393000	15.588000
355	3.816000	2.931000	3.006000	3.236000	2.776000	4.513000	0.000000	5.644000	3.379000	3.670000	2.657000	4.170000	6.705000	5.817000	6.463000	4.084000	23.105000	19.669000	5.586000	3.876000
356	0.000000	0.335000	1.929000	1.550000	2.432000	0.856000	0.216000	1.254000	0.412000	-0.316000	-0.527000	-0.197000	0.484000	0.519000	1.545000	0.848000	2.747000	1.988000	1.989000	3.353000
357	1.955000	1.401000	-0.131000	0.969000	0.331000	3.758000	0.433000	1.437000	1.377000	1.068000	-0.234000	0.000000	0.563000	0.503000	0.921000	0.972000	0.233000	0.340000	0.226000	0.811000
358	4.603000	3.201000	0.000000	1.163000	0.654000	4.588000	5.910000	2.187000	3.419000	2.708000	0.388000	3.863000	5.151000	3.272000	4.889000	4.189000	11.225000	6.870000	8.093000	5.626000
359	0.019000	-0.287000	-0.760000	1.029000	1.090000	5.156000	-0.568000	1.441000	0.000000	-0.224000	-0.845000	-0.403000	-0.654000	-0.407000	-0.471000	-0.251000	-0.348000	-0.684000	-0.724000	-0.270000
360	2.555000	1.059000	-0.010000	-1.164000	-1.151000	4.421000	2.798000	0.000000	1.933000	0.963000	0.756000	3.432000	3.290000	2.314000	3.501000	1.979000	5.809000	8.224000	4.386000	4.439000
361	1.349000	1.140000	1.004000	0.000000	1.349000	1.140000	1.004000	1.801000	1.465000	5.325000	0.000000	-1.537000	-1.673000	1.359000	0.576000	0.531000	1.922000	0.336000	1.774000	-0.206000
362	0.000000	2.681000	4.049000	4.240000	6.595000	7.104000	4.677000	3.883000	1.496000	3.582000	3.687000	4.790000	4.611000	5.237000	5.941000	2.761000	7.107000	5.787000	1.898000	28.613000
363	2.730000	1.727000	-1.376000	0.000000	-0.402000	0.108000	6.048000	1.790000	2.597000	1.291000	-0.964000	2.719000	2.293000	2.330000	2.191000	1.866000	11.314000	8.645000	3.323000	3.080000
364	0.640000	0.794000	-0.651000	0.675000	0.743000	0.784000	0.917000	0.859000	0.633000	0.493000	-0.913000	0.366000	-0.158000	0.000000	0.025000	0.572000	-2.418000	-1.066000	-1.762000	0.416000
365	3.769000	2.919000	0.218000	1.101000	0.000000	4.786000	3.595000	3.366000	3.279000	2.386000	0.495000	3.950000	2.933000	2.088000	4.281000	2.568000	7.789000	6.510000	3.209000	1.360000
366	0.134000	0.000000	0.263000	1.078000	0.902000	0.779000	-0.061000	0.421000	-0.288000	0.351000	0.529000	-0.229000	0.282000	0.299000	0.532000	0.513000	1.312000	0.410000	0.196000	0.554000
367	-0.221000	-0.055000	-0.345000	0.564000	0.217000	-0.564000	-0.184000	0.530000	0.000000	0.032000	-0.541000	-0.190000	-0.150000	-0.039000	-0.369000	-0.224000	-1.298000	-0.611000	-0.764000	0.094000
368	0.189000	0.086000	-0.190000	0.142000	-0.274000	3.051000	-0.364000	0.312000	0.287000	0.058000	-0.285000	-0.354000	-0.017000	-0.330000	-0.415000	0.000000	0.175000	0.196000	-0.148000	0.291000
369	1.636000	0.742000	-0.782000	0.145000	0.002000	1.848000	0.930000	-0.677000	0.137000	0.770000	-0.706000	0.338000	0.000000	0.351000	-0.737000	-0.852000	-0.152000	0.452000	0.342000	0.891000
370	0.685000	0.303000	0.048000	0.554000	0.490000	-0.704000	0.111000	0.508000	0.440000	0.162000	0.116000	-0.010000	0.173000	0.111000	-0.444000	0.000000	0.348000	0.066000	-0.050000	0.272000
371	2.311000	2.264000	0.262000	2.700000	2.102000	1.414000	2.743000	2.810000	2.606000	2.035000	0.000000	2.531000	2.690000	2.769000	3.029000	2.382000	1.285000	2.323000	2.250000	2.947000
372	0.343000	0.382000	-0.265000	1.120000	0.524000	0.759000	-0.262000	0.147000	0.314000	0.276000	-0.039000	-0.265000	0.000000	-0.253000	0.431000	0.038000	-0.069000	-0.395000	-0.448000	-0.127000
373	0.510000	0.411000	0.140000	0.662000	0.260000	3.828000	-0.488000	0.000000	-0.125000	-0.488000	-0.865000	-0.484000	0.403000	-0.135000	0.170000	0.092000	0.539000	0.443000	0.044000	-0.259000
374	3.497000	2.534000	-0.460000	1.767000	1.881000	7.595000	2.107000	2.304000	2.868000	2.017000	0.000000	2.474000	2.743000	2.195000	2.647000	2.120000	5.761000	2.715000	-0.773000	1.829000
375	-1.646000	-0.140000	-0.104000	0.705000	0.463000	0.536000	-0.576000	-0.269000	-0.904000	-0.735000	-2.069000	-0.258000	0.000000	-0.189000	-0.865000	-1.046000	-1.661000	-1.406000	-1.871000	0.147000
376	1.021000	0.004000	4.540000	-0.467000	1.659000	-0.232000	3.878000	-0.234000	0.000000	-0.204000	0.408000	2.136000	-0.397000	2.187000	-1.383000	-0.702000	3.700000	2.715000	2.164000	34.157000
377	0.328000	-0.110000	-0.546000	0.731000	1.318000	2.670000	-0.224000	0.665000	0.000000	-0.392000	-2.097000	-0.462000	0.052000	-0.038000	-0.500000	-0.272000	-0.916000	-0.727000	-0.383000	0.261000
378	0.753000	0.213000	-0.991000	-0.170000	-0.549000	-0.131000	0.096000	0.000000	0.513000	-0.012000	-0.930000	-0.353000	-0.301000	-0.123000	0.399000	0.407000	-0.054000	-0.668000	-0.959000	0.825000
379	6.108000	4.265000	0.000000	1.370000	1.622000	5.935000	4.862000	3.366000	5.291000	3.334000	0.478000	6.180000	4.101000	3.822000	4.861000	3.871000	12.991000	6.675000	5.621000	22.183000
380	0.661000	1.060000	0.154000	0.945000	0.012000	1.004000	1.106000	0.966000	1.126000	1.062000	-0.284000	0.655000	0.000000	1.012000	-0.180000	0.490000	-0.371000	0.171000	-0.103000	0.818000
381	3.202000	2.853000	0.000000	1.110000	2.296000	2.665000	5.733000	2.405000	3.849000	2.020000	-0.001000	4.078000	3.746000	3.192000	3.095000	3.535000	7.863000	14.356000	8.248000	8.621000
382	1.157000	1.436000	0.828000	1.764000	2.002000	1.459000	0.000000	1.695000	0.802000	1.384000	0.962000	0.188000	1.143000	0.460000	1.770000	1.664000	1.735000	1.035000	1.296000	1.882000
383	1.086000	-0.021000	6.777000	1.023000	3.052000	2.449000	12.390000	0.676000	0.000000	0.577000	3.991000	12.087000	4.703000	4.999000	-0.690000	3.187000	17.328000	11.482000	10.040000	53.453000
384	1.434000	0.647000	0.062000	1.583000	1.471000	6.302000	0.000000	1.028000	0.411000	0.306000	0.021000	-0.263000	0.791000	0.527000	1.424000	0.508000	0.410000	0.757000	0.661000	0.509000
385	3.972000	2.658000	0.741000	0.774000	1.623000	5.534000	2.702000	2.976000	3.590000	2.534000	0.485000	1.442000	4.279000	3.741000	4.702000	3.865000	0.583000	0.000000	-0.495000	2.110000
386	3.267000	1.697000	3.800000	1.535000	2.044000	3.296000	5.631000	1.769000	3.199000	1.463000	0.973000	4.955000	3.174000	2.144000	4.361000	2.310000	0.000000	0.840000	0.311000	0.680000
387	0.914000	0.000000	-0.562000	-1.488000	-1.302000	-0.734000	0.765000	-0.036000	-0.009000	0.112000	-0.053000	1.515000	0.695000	1.545000	1.051000	0.478000	0.672000	-1.467000	-1.267000	0.329000
388	1.180000	0.831000	-0.067000	0.398000	0.000000	1.182000	0.448000	0.118000	0.448000	0.908000	-0.234000	0.377000	0.000000	0.725000	-0.461000	0.829000	0.504000	0.120000	-0.263000	0.773000
389	-0.144000	-0.341000	-0.656000	-0.060000	-0.275000	-1.809000	0.000000	0.606000	-0.025000	-0.082000	-0.864000	-0.097000	0.351000	-0.365000	0.258000	0.032000	0.839000	0.745000	-0.364000	0.786000
390	-3.853000	-2.446000	-3.365000	-1.753000	-0.199000	2.681000	-2.898000	0.000000	-2.783000	-3.046000	-1.944000	-3.473000	-2.991000	-2.914000	-2.820000	-3.052000	-1.360000	-3.349000	-3.576000	-2.919000
391	0.707000	0.386000	-0.256000	0.183000	-0.183000	-0.916000	0.000000	0.351000	0.537000	0.316000	-0.474000	0.048000	-0.101000	0.207000	0.202000	0.404000	-0.209000	-0.105000	-0.154000	0.306000
392	0.604000	0.656000	0.702000	1.087000	0.861000	0.460000	0.817000	0.421000	0.000000	0.396000	0.582000	0.724000	0.630000	0.405000	0.678000	0.755000	0.664000	0.649000	0.566000	1.173000
438	0.338000	-0.067000	-0.448000	0.041000	-0.350000	-0.114000	-0.792000	0.051000	0.000000	-0.103000	-0.895000	-0.647000	-0.247000	-0.388000	-0.054000	-0.198000	-0.690000	-0.544000	-0.574000	-0.303000
439	1.221000	1.257000	1.137000	2.227000	2.003000	0.655000	1.075000	2.246000	1.593000	1.635000	0.836000	0.729000	1.302000	1.208000	0.000000	1.599000	1.007000	0.727000	0.156000	1.390000
440	-0.349000	-1.247000	-2.603000	-1.050000	-1.543000	-2.022000	-0.018000	-0.690000	-1.081000	-0.520000	0.000000	0.562000	-0.008000	0.090000	-0.903000	-0.975000	-0.613000	-0.861000	-1.246000	1.164000
441	1.096000	-0.017000	-0.637000	0.235000	-0.164000	-2.211000	0.000000	0.569000	0.684000	0.556000	-0.590000	-0.645000	0.157000	-0.448000	1.209000	-0.029000	-0.660000	1.574000	-0.563000	0.450000
442	1.069000	0.513000	0.080000	0.567000	0.196000	3.296000	0.652000	0.000000	0.218000	0.612000	0.070000	0.545000	0.289000	0.273000	0.445000	0.280000	1.404000	0.947000	0.935000	1.374000
443	1.341000	0.482000	-0.297000	0.673000	-0.271000	-1.710000	0.255000	1.033000	1.038000	1.065000	-0.714000	0.015000	0.000000	0.047000	0.510000	0.936000	-1.093000	-0.121000	-0.445000	0.904000
444	4.805000	2.903000	1.015000	1.134000	0.000000	6.926000	10.280000	3.296000	4.595000	2.942000	1.837000	6.818000	4.438000	4.504000	4.995000	4.282000	28.188000	20.523000	15.564000	18.623000
445	1.761000	0.602000	-0.388000	0.639000	0.000000	5.326000	-0.837000	1.388000	1.095000	1.176000	-0.185000	0.116000	0.453000	0.397000	1.592000	1.434000	0.110000	0.384000	0.278000	0.933000
446	0.754000	0.296000	-0.341000	1.511000	1.106000	5.598000	0.000000	1.170000	0.371000	0.822000	-0.249000	-0.036000	0.287000	-0.217000	0.923000	0.181000	0.057000	-0.036000	-0.124000	0.542000
447	2.288000	1.035000	0.000000	1.650000	0.936000	5.731000	0.164000	1.553000	1.822000	1.803000	-0.261000	0.373000	1.271000	0.950000	2.078000	0.944000	-0.348000	0.586000	0.539000	0.713000
448	4.472000	2.493000	1.161000	3.615000	1.681000	7.768000	2.385000	3.760000	4.131000	2.749000	0.000000	2.729000	4.235000	3.351000	6.766000	5.457000	5.266000	6.346000	5.913000	5.709000
449	-0.184000	-0.222000	-0.584000	0.382000	-0.104000	2.721000	-0.241000	-0.634000	-0.678000	0.199000	-0.888000	-0.476000	0.000000	-0.278000	0.732000	-0.401000	-0.635000	-0.481000	-0.514000	-0.595000
450	0.864000	0.686000	0.385000	0.808000	0.435000	2.788000	-0.462000	0.082000	0.000000	0.302000	0.195000	-0.071000	0.958000	-0.102000	1.177000	0.015000	0.238000	0.313000	0.267000	-0.195000
460	0.000000	0.127000	-0.118000	0.202000	0.186000	0.046000	-0.218000	0.158000	0.113000	0.134000	-0.618000	-0.131000	0.029000	0.011000	0.145000	0.153000	-0.503000	-0.311000	-0.837000	0.120000
461	0.627000	0.491000	-0.751000	0.369000	-0.097000	0.380000	0.000000	-0.515000	0.441000	-0.014000	-0.847000	0.095000	-0.653000	0.705000	0.251000	0.104000	0.267000	-0.359000	-0.432000	1.015000
462	0.000000	-0.830000	-1.812000	-1.014000	-1.101000	0.138000	-0.925000	0.102000	-0.598000	-0.917000	-1.474000	-1.215000	-0.203000	-0.546000	0.833000	-1.042000	-1.505000	-1.608000	-1.891000	-1.257000
463	1.794000	0.066000	-2.370000	0.000000	1.866000	-1.174000	3.412000	0.882000	1.363000	-0.096000	-1.715000	0.681000	1.574000	1.047000	2.202000	1.256000	4.792000	1.251000	5.587000	2.638000
464	2.475000	1.576000	1.589000	1.478000	0.976000	5.135000	3.158000	2.687000	1.985000	1.929000	0.268000	2.811000	4.499000	3.316000	5.851000	3.585000	3.247000	0.847000	0.000000	1.555000
465	0.713000	0.055000	-0.253000	0.584000	0.047000	-1.895000	-0.128000	0.466000	-0.119000	0.475000	-0.352000	-0.143000	0.000000	0.168000	-0.147000	0.384000	-0.647000	-0.453000	-0.501000	0.275000
466	2.798000	2.131000	0.000000	1.950000	0.919000	0.556000	0.969000	2.516000	2.659000	2.054000	-0.147000	1.110000	2.154000	2.177000	2.793000	2.529000	2.533000	2.514000	2.444000	2.651000
467	0.198000	0.049000	-0.211000	0.330000	-0.044000	-0.011000	-0.206000	0.483000	0.000000	-0.074000	-0.168000	-0.343000	0.105000	-0.091000	0.170000	0.144000	0.189000	0.062000	0.039000	0.256000
468	0.081000	-0.458000	-0.737000	-0.073000	-0.270000	0.884000	-0.311000	0.760000	0.241000	-0.184000	-0.757000	-0.814000	0.243000	0.122000	0.000000	0.317000	-0.742000	-0.756000	-0.819000	0.310000
469	0.334000	-0.028000	-0.483000	0.172000	-0.290000	0.667000	-0.875000	0.230000	0.544000	0.497000	-0.616000	-0.531000	0.000000	-0.078000	0.502000	0.353000	-0.919000	-1.783000	-0.949000	0.193000
470	0.034000	0.131000	0.113000	1.689000	1.161000	0.267000	-0.039000	1.333000	0.375000	0.403000	0.554000	0.000000	0.596000	0.267000	0.331000	0.057000	0.518000	0.258000	0.073000	0.463000
471	-1.042000	0.000000	-0.958000	1.034000	1.075000	3.352000	-0.723000	0.995000	-0.475000	-0.384000	-1.200000	-1.231000	-0.510000	-0.737000	1.086000	0.085000	3.765000	2.304000	2.712000	2.826000
472	-1.104000	-1.206000	-1.316000	-0.056000	-0.355000	-0.187000	-1.359000	0.000000	-1.598000	-0.923000	-1.401000	-1.276000	-0.806000	-1.322000	-0.553000	-0.964000	-1.207000	-1.412000	-1.452000	-0.787000
473	0.712000	0.830000	0.245000	0.561000	0.254000	6.616000	-0.098000	-0.019000	0.000000	0.667000	-0.294000	0.029000	0.705000	0.198000	0.991000	0.533000	-0.114000	-0.141000	-0.285000	0.287000
474	-1.069000	-1.268000	-2.166000	-1.580000	-1.930000	0.000000	-1.353000	-1.631000	-1.154000	-1.359000	-2.005000	-1.728000	-1.445000	-1.439000	-1.449000	-1.502000	-0.926000	-1.095000	-1.053000	-0.665000
475	1.220000	0.929000	-0.115000	0.395000	0.000000	2.669000	0.631000	1.116000	1.735000	0.848000	0.212000	-0.220000	0.851000	0.873000	1.577000	0.897000	0.758000	0.351000	0.170000	1.491000
476	0.405000	0.277000	-0.185000	0.000000	-0.131000	-0.522000	-1.003000	-0.016000	0.399000	0.131000	-0.148000	-0.288000	-0.061000	-0.444000	-0.189000	-0.396000	-0.056000	-0.130000	-0.153000	-0.315000
477	3.546000	2.357000	2.345000	4.039000	5.694000	0.000000	10.041000	4.383000	3.801000	2.633000	2.720000	4.825000	3.781000	2.755000	4.048000	3.214000	7.764000	6.425000	5.012000	18.082000
478	-0.052000	0.160000	-0.137000	-0.177000	-0.366000	0.343000	-0.060000	-0.231000	0.000000	-0.087000	0.010000	-0.295000	-0.063000	-0.375000	-0.297000	-0.222000	-0.754000	-0.316000	-0.295000	0.024000
479	3.246000	3.063000	0.595000	2.826000	1.821000	2.671000	2.118000	3.083000	3.036000	2.842000	0.747000	1.784000	2.763000	2.130000	3.503000	3.295000	0.708000	1.524000	0.000000	2.396000
480	2.435000	1.539000	1.671000	1.615000	1.450000	2.218000	1.237000	1.537000	1.288000	1.210000	1.351000	0.935000	0.560000	1.379000	0.000000	1.007000	2.878000	1.404000	1.383000	1.489000
481	0.020000	0.210000	-0.076000	1.171000	0.724000	-0.562000	0.058000	1.079000	0.389000	0.437000	0.000000	0.149000	-0.319000	-0.163000	-0.275000	0.153000	0.425000	0.115000	0.135000	0.509000
482	0.860000	0.768000	0.771000	0.996000	0.831000	1.430000	0.385000	0.154000	0.000000	0.944000	0.799000	0.476000	0.721000	0.617000	0.755000	0.740000	1.010000	0.901000	0.908000	1.042000
483	0.503000	-0.208000	-0.474000	0.924000	0.148000	1.329000	0.054000	1.376000	0.119000	0.535000	-0.666000	-0.096000	0.083000	0.251000	-0.514000	0.000000	-0.078000	0.161000	0.127000	0.572000
484	1.436000	0.697000	0.184000	0.254000	-0.107000	-0.345000	0.777000	0.656000	1.077000	0.598000	-0.253000	0.413000	0.000000	0.604000	0.844000	1.198000	0.663000	0.618000	0.236000	1.244000
485	0.000000	0.387000	-0.054000	3.507000	2.861000	0.501000	0.593000	3.444000	1.157000	0.789000	1.295000	0.493000	0.128000	0.384000	1.203000	1.226000	0.888000	0.166000	0.087000	1.315000
486	1.596000	0.913000	0.530000	1.984000	1.706000	1.133000	1.227000	0.958000	0.000000	-0.156000	0.458000	0.497000	1.035000	1.233000	0.117000	0.585000	1.180000	0.718000	0.457000	1.553000
487	5.377000	4.061000	1.165000	4.590000	3.244000	1.962000	6.282000	4.895000	4.411000	4.274000	1.185000	4.563000	4.859000	5.094000	5.134000	4.219000	9.317000	0.000000	0.398000	3.548000
488	2.880000	2.445000	1.084000	2.783000	2.325000	4.420000	3.728000	3.093000	2.301000	1.572000	0.989000	2.171000	1.895000	2.428000	1.374000	2.122000	3.484000	-0.049000	0.000000	2.279000
489	1.083000	0.857000	0.922000	0.941000	0.728000	1.175000	0.844000	0.814000	0.955000	0.798000	0.693000	0.744000	0.234000	0.429000	0.031000	0.601000	0.774000	0.141000	0.000000	0.842000
490	0.000000	3.825000	3.808000	4.936000	4.750000	6.046000	3.581000	5.110000	3.999000	3.850000	3.441000	3.645000	3.799000	3.501000	3.747000	3.788000	3.582000	3.713000	3.702000	3.821000
491	4.756000	2.837000	5.835000	3.181000	3.479000	3.993000	7.643000	3.472000	3.405000	2.314000	4.166000	6.723000	4.694000	7.354000	0.000000	3.107000	10.295000	8.326000	7.350000	33.190000
492	0.063000	0.158000	0.303000	0.482000	0.333000	0.081000	-0.483000	0.648000	0.154000	0.392000	0.418000	-0.265000	0.327000	-0.067000	0.114000	0.000000	0.476000	0.294000	0.273000	0.151000
493	1.447000	0.000000	5.088000	5.192000	5.877000	6.474000	5.525000	5.056000	1.134000	2.192000	2.088000	4.529000	2.282000	3.726000	7.160000	7.780000	15.838000	15.917000	6.846000	18.103000
494	1.118000	0.545000	0.181000	0.770000	0.592000	-0.823000	0.568000	0.856000	0.807000	0.998000	-0.018000	0.501000	0.000000	0.679000	0.658000	0.981000	0.146000	0.422000	0.467000	0.820000
495	2.370000	1.364000	0.609000	0.964000	0.452000	0.864000	2.457000	1.848000	1.789000	1.084000	0.008000	2.005000	0.000000	1.579000	2.181000	1.649000	1.086000	0.705000	-0.308000	1.611000
496	1.458000	0.463000	-0.063000	1.554000	1.464000	3.043000	-0.103000	3.000000	1.533000	0.700000	-0.435000	0.109000	1.441000	0.630000	1.164000	0.759000	0.524000	0.000000	-0.583000	1.454000
497	1.935000	0.486000	0.176000	0.508000	0.273000	1.307000	0.271000	0.393000	0.241000	0.328000	0.116000	0.315000	0.111000	-0.073000	0.000000	-0.047000	-0.021000	0.170000	-0.005000	0.262000
498	-0.102000	-0.107000	-0.229000	0.455000	-0.020000	-1.099000	0.986000	0.330000	0.302000	0.116000	-0.519000	0.598000	-1.806000	-0.410000	-0.899000	0.000000	-0.477000	-1.131000	-0.510000	0.781000